29 42
69 10 47 40 46 68 75 61 73 51 79 41 33 41 12 76 80 72 44 26 74 43 70 73 20 37 11 30 20
7 18 61
3 12 21
23 14 25
13 21 49
7 28 70
1 18 53
16 28 71
24 7 47
2 18 22
9 7 81
8 27 74
17 21 90
15 29 11
13 29 97
21 29 62
23 4 48
26 11 15
10 5 25
2 1 29
14 20 43
25 1 40
4 15 32
26 6 17
8 7 19
13 17 36
23 24 28
10 4 81
6 11 85
22 6 59
14 3 43
24 9 66
10 15 84
19 28 10
17 29 43
22 11 59
8 24 24
8 9 53
16 19 19
26 22 11
2 25 92
23 26 73
25 18 81

28 35
48 66 37 53 12 18 64 17 58 69 10 64 91 39 17 76 66 79 40 80 31 51 17 36 73 14 16 25
17 16 37
15 1 13
18 17 87
7 9 62
21 12 23
5 19 60
8 2 18
1 20 65
18 13 38
14 27 46
15 5 60
25 16 88
26 7 27
21 22 90
15 27 53
17 25 16
13 3 80
26 18 85
18 22 64
19 4 19
27 5 52
18 8 12
17 23 16
12 22 82
6 10 90
27 24 65
8 13 63
8 3 37
18 10 81
23 16 51
9 11 38
11 28 60
25 23 25
26 14 12
18 3 38

27 30
10 49 31 94 51 95 12 81 90 62 44 55 99 83 44 59 88 79 15 87 72 50 35 87 97 57 91
25 27 15
11 8 16
12 26 29
21 22 92
12 6 84
1 10 21
25 2 83
1 25 21
23 18 64
1 12 83
4 16 46
20 8 99
19 10 74
11 13 13
20 9 64
24 18 45
27 22 74
15 11 77
24 14 78
21 27 31
15 1 81
23 1 83
5 2 69
18 14 27
8 9 79
3 13 73
17 4 75
11 7 27
17 16 80
11 17 32

34 42
50 43 78 54 71 47 86 53 45 34 77 58 50 98 99 25 12 58 31 12 23 93 56 20 60 84 40 19 75 34 55 95 16 14
19 15 60
34 11 88
17 19 15
6 33 61
8 12 43
24 21 77
32 6 89
34 7 49
24 26 25
34 16 45
20 6 25
3 14 47
7 11 98
20 33 20
31 16 65
23 27 11
8 18 56
1 21 31
13 5 22
14 17 81
13 32 55
30 17 70
19 23 83
19 10 22
15 29 41
4 28 74
29 2 32
1 26 32
24 1 41
8 1 76
32 5 84
13 22 42
8 28 55
10 34 77
23 8 37
15 13 52
12 25 20
21 26 15
10 7 67
16 9 36
31 9 54
10 11 50

19 23
50 95 45 60 36 63 70 31 34 19 56 12 87 36 50 84 94 91 67
16 12 45
1 14 12
17 15 35
19 18 82
9 6 83
17 3 67
5 6 90
7 16 66
11 8 19
10 16 73
2 13 92
2 15 14
15 13 15
17 9 42
14 4 12
18 9 93
1 4 86
18 8 55
10 12 88
7 10 28
18 12 37
16 14 55
7 12 75

12 13
72 12 29 65 69 79 41 47 37 96 61 52
6 2 17
10 6 88
11 3 46
1 9 14
1 7 95
2 5 34
1 4 67
6 9 63
2 8 70
10 12 41
12 3 71
11 12 33
5 8 27

22 24
42 65 11 98 52 13 53 84 16 96 84 33 86 56 67 58 19 73 80 54 30 68
6 2 61
2 4 52
14 6 55
1 9 99
16 10 11
13 20 77
22 19 25
19 13 78
8 15 61
19 7 62
2 11 89
12 11 79
8 18 94
11 3 26
10 21 98
10 22 88
12 3 23
19 1 92
3 16 79
21 5 46
15 18 10
22 17 89
14 2 80
19 18 43

18 29
65 11 17 26 87 40 94 33 10 54 61 82 54 47 55 48 34 83
14 6 81
8 2 73
16 5 50
15 9 62
10 17 61
10 13 82
8 17 52
16 3 39
3 9 21
4 7 80
16 9 99
16 15 54
13 17 98
17 2 94
4 12 71
3 5 18
7 9 94
10 2 32
5 9 83
8 13 50
15 5 76
10 8 82
7 1 97
18 4 39
4 11 24
3 15 53
13 2 93
7 10 71
4 14 81

10 10
92 56 33 34 15 38 51 69 11 63
4 6 70
10 8 96
2 9 85
7 2 63
4 3 96
6 3 84
9 1 55
2 6 38
7 10 76
10 5 60

20 26
90 27 53 22 61 34 28 37 94 35 33 74 56 46 83 70 78 89 82 95
14 9 84
16 12 58
20 15 57
16 1 55
15 9 87
16 3 56
2 6 42
20 1 80
3 11 30
12 7 96
19 10 84
8 4 85
8 5 19
13 17 85
12 8 28
20 14 24
19 6 45
20 9 89
5 4 95
14 15 84
7 13 49
18 14 35
12 2 79
2 10 36
6 10 37
19 2 93

41 51
92 32 65 21 70 97 31 57 76 63 44 12 39 31 41 33 16 83 22 58 56 84 44 13 69 33 44 92 27 64 34 96 47 65 33 92 21 15 76 58 26
31 34 89
25 23 23
14 19 66
17 11 68
23 39 97
28 34 23
30 7 71
4 16 45
31 22 53
33 8 99
27 34 54
23 24 43
24 39 31
5 40 71
25 2 13
15 10 94
25 20 63
37 22 80
33 12 60
31 33 54
25 7 68
35 22 59
16 26 49
24 5 57
6 30 51
5 39 90
23 5 49
14 31 48
38 14 49
8 12 89
38 6 95
32 3 81
2 29 14
18 36 87
31 3 39
16 1 21
1 26 87
21 40 61
7 20 56
37 35 19
38 15 54
6 4 34
7 2 91
11 13 72
17 9 13
38 36 97
30 9 73
30 4 55
25 41 31
20 2 42
27 28 65

31 41
22 70 68 26 25 16 78 83 58 53 13 15 92 96 34 38 55 68 40 79 28 89 62 88 61 12 42 16 21 11 53
26 18 78
28 18 12
16 20 93
12 20 32
13 17 91
1 18 64
4 10 12
24 12 36
22 13 54
14 3 67
13 15 98
28 30 92
20 9 28
25 8 33
28 3 70
14 22 55
14 16 97
16 22 79
2 15 14
14 20 86
13 21 39
4 29 17
11 27 97
8 12 87
25 19 62
10 29 34
17 10 46
7 1 39
24 8 64
13 27 56
1 26 68
17 29 96
17 4 73
7 26 65
14 6 18
23 25 11
22 20 38
23 19 49
7 18 55
31 9 22
21 5 46

39 56
65 67 19 64 37 19 75 29 84 14 53 43 58 46 79 16 34 81 23 20 45 69 65 55 67 46 59 31 21 28 53 74 26 48 22 85 13 49 88
37 33 13
39 24 84
39 31 60
2 3 93
36 23 62
2 8 36
37 35 84
10 1 55
2 38 73
38 3 86
26 21 62
5 29 92
34 35 55
7 26 32
22 12 28
18 14 38
15 11 84
27 35 92
33 35 53
31 9 19
32 5 49
32 29 88
30 6 46
1 17 24
30 25 67
11 19 83
36 7 14
14 5 64
13 20 59
13 30 67
7 22 21
18 29 78
31 28 74
14 32 47
39 5 45
18 32 10
13 6 35
4 16 68
13 25 68
27 33 93
22 10 29
31 19 32
22 3 72
14 29 87
18 5 36
26 16 53
15 19 13
27 37 64
12 10 74
8 3 99
6 25 93
8 38 80
34 36 36
34 6 91
7 23 95
37 39 84

48 61
62 55 58 80 30 95 97 88 32 72 80 71 88 22 41 66 15 15 51 87 13 72 48 49 91 46 87 38 61 75 11 45 78 31 66 75 18 63 37 15 80 44 14 42 12 19 47 31
26 38 81
48 19 56
22 44 82
46 38 29
34 38 13
10 38 12
40 28 59
16 4 29
39 4 29
24 27 73
41 11 46
41 47 83
48 28 46
4 29 25
15 44 23
10 46 45
13 42 62
39 16 78
3 23 21
41 35 12
18 2 19
48 18 78
18 3 33
14 40 52
10 26 46
34 46 20
16 17 93
20 36 73
26 34 48
8 22 57
40 12 70
6 33 18
5 2 25
4 31 88
19 28 17
28 10 44
25 7 54
8 33 77
20 9 22
43 16 42
43 41 40
5 1 28
16 20 46
10 34 16
14 12 87
18 37 91
30 32 99
45 43 67
3 21 98
33 22 16
26 46 98
28 6 66
18 30 77
12 25 65
14 43 12
41 27 28
19 6 11
21 23 91
48 6 31
2 1 29
20 13 44

17 20
31 26 39 58 13 84 14 53 96 48 87 85 85 68 93 89 53
16 6 17
2 17 45
15 4 48
10 9 83
6 17 44
12 3 16
2 6 68
3 15 66
8 14 53
16 17 20
14 3 71
11 14 56
16 8 70
5 1 75
5 13 92
3 7 94
12 10 51
16 2 40
3 5 67
8 11 33

28 39
68 60 33 87 78 26 81 78 55 39 97 24 75 84 39 32 59 90 78 46 74 79 47 89 90 19 86 88
2 12 44
19 15 83
9 24 84
19 5 47
2 21 20
18 4 95
20 15 42
25 18 29
8 7 97
20 5 37
12 16 85
18 1 42
17 23 54
6 23 12
15 28 30
10 7 41
28 6 96
21 9 41
10 22 95
20 28 90
21 3 67
5 28 25
5 11 86
4 1 53
20 19 63
20 27 68
10 25 16
6 10 99
25 4 97
11 13 85
14 26 67
19 28 26
25 1 51
15 5 26
9 3 89
27 26 29
21 24 47
3 24 10
6 2 52

14 19
61 86 83 65 66 49 86 79 30 90 60 93 55 19
11 13 34
13 9 53
1 2 13
13 14 75
14 6 52
10 2 50
11 8 70
10 1 15
10 7 13
4 5 60
5 3 37
7 1 21
7 2 18
12 13 88
11 12 62
12 8 83
10 11 17
12 4 95
13 8 31

20 31
69 14 17 52 14 73 34 45 71 95 60 76 46 38 33 29 14 96 43 71
20 1 34
19 1 63
9 3 78
20 12 29
14 2 44
11 7 96
8 12 63
6 18 34
10 9 42
12 16 93
19 9 38
6 7 81
13 8 25
19 10 39
20 17 43
12 1 97
14 9 61
14 10 77
19 14 18
18 7 89
18 11 75
13 12 31
1 5 74
8 1 29
6 11 99
3 15 37
20 8 40
8 7 87
4 2 63
20 13 21
13 1 61

12 15
68 71 46 89 59 57 73 29 55 47 67 37
2 11 26
11 3 93
6 5 43
5 12 18
1 4 59
9 12 53
9 6 92
9 5 74
11 12 90
10 1 18
2 1 82
4 8 58
8 7 75
6 12 92
10 4 61

31 46
33 21 81 68 72 33 50 41 78 33 75 46 27 12 57 45 35 24 48 87 11 12 27 97 16 45 74 42 44 27 86
27 24 60
21 5 15
10 28 65
11 12 32
11 9 54
13 5 60
14 4 18
10 9 51
16 8 90
22 4 72
26 30 86
12 28 93
21 20 21
19 18 94
22 18 99
25 29 43
5 29 33
7 26 99
31 15 28
17 30 24
13 20 54
7 1 74
21 13 63
11 10 76
12 10 79
29 23 48
14 18 16
12 9 86
15 5 86
28 9 92
31 16 96
26 2 42
14 19 83
20 5 80
22 19 13
22 14 89
16 6 24
18 4 72
16 19 36
26 12 88
25 23 24
19 4 83
16 24 32
15 3 27
11 28 25
7 31 96

31 38
37 68 86 21 88 85 29 74 89 83 11 78 48 63 33 92 26 69 57 73 36 13 72 55 67 38 84 77 51 77 15
1 25 92
1 22 99
15 21 57
22 27 23
24 31 12
13 7 55
30 14 65
15 16 27
5 17 15
25 28 49
28 4 13
23 24 49
1 4 92
29 11 68
1 28 57
2 10 60
25 4 56
27 19 89
22 29 50
9 10 49
11 18 42
12 20 48
3 14 35
9 6 10
27 12 85
21 2 48
15 2 99
16 21 37
27 26 26
22 2 24
16 2 22
3 30 62
29 7 87
8 19 73
27 3 24
10 6 79
15 23 13
23 5 62

16 21
49 40 59 92 39 93 43 13 55 67 76 22 62 91 97 45
1 15 90
11 8 62
16 8 21
7 6 65
9 7 93
14 3 74
4 2 94
2 1 23
11 12 24
10 12 63
9 13 83
13 6 95
2 10 57
11 16 28
3 5 90
16 12 72
14 4 25
13 7 92
10 13 65
8 12 91
9 6 84

29 37
19 21 66 93 27 68 63 58 99 84 71 69 43 35 85 22 46 39 97 68 65 66 74 39 64 16 33 87 46
13 25 44
11 22 95
9 14 50
27 28 55
16 15 45
9 1 26
19 10 42
27 26 91
11 28 47
25 18 84
17 19 51
27 6 64
1 29 55
16 23 41
8 22 93
20 21 27
23 4 16
10 2 97
18 12 53
5 2 59
27 3 46
11 8 15
8 28 96
7 3 41
16 13 88
17 13 56
26 24 39
25 12 84
7 15 23
15 23 31
28 22 85
15 1 66
5 10 24
5 19 44
19 2 46
23 21 14
3 6 23

35 42
73 41 14 10 13 29 30 37 45 33 59 26 61 53 37 64 51 49 63 32 44 90 65 99 88 71 99 78 51 96 93 83 80 30 61
2 11 96
30 3 20
20 28 87
18 27 96
26 4 47
31 6 67
16 24 97
21 14 94
17 9 92
30 32 73
19 35 47
15 34 41
25 2 38
12 32 66
20 16 67
13 11 22
31 17 50
16 30 81
20 34 89
25 17 68
6 14 36
7 22 41
10 15 24
22 4 96
18 9 94
16 35 86
1 29 84
5 20 32
31 33 68
26 5 72
12 3 94
27 9 35
8 35 65
5 25 91
10 34 77
8 19 96
23 6 92
5 2 19
1 26 85
32 3 56
30 12 97
7 4 91

20 33
68 77 57 74 42 37 76 41 27 10 11 10 79 36 29 63 79 26 31 55
13 10 14
4 10 92
8 11 33
2 18 75
15 11 66
15 20 49
9 3 28
15 7 37
20 7 18
14 1 25
12 4 75
6 15 56
5 10 71
16 1 77
5 13 26
5 12 65
9 16 89
6 19 76
8 7 22
12 10 34
6 12 73
9 17 12
9 6 29
2 3 33
8 20 25
15 8 46
11 7 68
18 3 81
20 11 38
5 4 66
12 13 48
13 4 74
14 16 99

38 49
67 77 84 19 23 80 64 80 74 17 50 45 85 91 23 14 52 68 35 35 23 40 42 64 64 62 57 66 23 42 86 42 63 53 37 32 17 53
33 34 62
14 29 35
1 13 50
38 22 52
27 32 71
23 26 23
35 14 82
9 20 38
6 3 94
31 21 24
13 5 39
16 18 72
16 24 24
36 24 74
27 19 79
14 2 36
18 24 72
11 6 51
33 32 54
31 19 72
12 1 99
7 14 56
26 15 94
36 18 24
7 29 86
23 1 49
34 36 86
36 16 74
10 9 62
32 4 25
6 38 40
32 25 62
10 13 76
34 16 83
9 28 95
10 5 55
9 17 24
2 29 87
35 27 46
6 8 89
34 24 51
23 37 99
5 11 27
7 2 83
19 21 35
23 12 68
30 25 21
35 37 39
34 18 39

16 19
29 19 43 53 88 70 79 80 45 57 90 34 84 32 70 63
2 14 49
13 8 91
1 13 68
10 15 51
10 6 16
13 15 43
2 5 30
8 7 88
4 9 12
11 2 40
5 1 48
6 15 62
11 3 13
12 1 67
5 13 77
12 5 42
12 13 22
1 4 38
12 16 43

25 32
70 53 80 95 75 11 25 78 85 52 85 28 99 91 72 77 44 96 53 44 34 47 90 41 83
4 7 10
18 21 64
15 13 88
9 16 41
24 5 24
9 11 35
11 2 75
6 22 10
14 21 50
18 14 38
13 22 69
7 3 97
4 3 11
13 1 43
1 8 42
23 17 45
19 15 51
24 12 40
12 20 88
10 23 83
15 21 10
15 12 88
16 11 84
16 2 10
9 2 24
10 17 41
2 10 39
14 25 78
18 25 20
9 4 70
21 25 79
15 11 88

25 26
83 20 77 54 91 27 75 44 24 84 53 71 41 82 16 48 45 76 67 90 56 16 46 41 80
12 5 57
15 24 60
23 24 46
3 15 47
12 20 58
10 16 74
7 6 53
13 2 26
14 21 71
8 25 45
12 19 58
18 9 92
14 17 24
10 8 17
16 18 96
9 14 90
13 21 29
23 15 18
9 7 52
21 2 69
11 5 88
9 12 21
7 4 85
14 22 18
3 1 79
9 1 11

48 72
69 42 99 74 56 55 32 48 54 83 84 19 56 78 45 26 45 98 87 73 65 18 40 61 97 78 90 62 56 41 92 48 17 27 75 62 25 95 12 18 67 59 39 39 67 40 81 67
18 20 33
22 9 22
3 8 15
31 47 52
43 4 54
42 4 50
33 16 20
12 38 37
4 26 57
16 24 92
20 36 50
4 15 84
32 46 82
29 3 63
30 38 96
39 17 85
30 17 35
18 36 44
33 24 54
5 35 38
42 27 65
22 5 42
31 7 18
11 3 68
40 48 46
42 26 10
33 35 83
35 24 86
33 14 62
9 12 13
14 35 84
44 2 49
3 36 38
43 27 72
25 2 84
16 32 91
12 30 50
28 11 34
39 38 47
31 15 12
28 27 52
7 47 45
37 19 94
3 10 86
21 45 63
44 25 96
43 26 65
42 43 39
24 23 96
1 9 30
6 37 58
41 40 77
14 16 11
41 48 89
4 27 50
28 5 88
22 41 91
13 34 16
5 13 88
26 27 42
16 35 62
17 38 53
15 7 94
39 12 47
15 47 50
14 24 18
26 37 31
39 30 21
12 17 42
6 19 69
28 44 75
16 21 75

19 29
13 97 91 94 90 39 35 70 83 62 88 32 41 12 24 44 60 79 77
12 9 70
13 4 46
13 16 81
11 6 87
14 2 39
3 11 71
7 11 93
11 14 33
9 4 77
4 16 91
18 17 48
18 1 60
3 6 60
17 19 38
8 5 26
19 3 37
12 4 25
17 12 43
9 16 34
15 1 16
7 6 18
10 1 79
18 19 90
19 5 71
13 12 11
10 15 48
12 16 92
7 3 13
13 9 80

37 40
36 76 34 48 35 28 50 42 29 55 38 49 81 22 72 12 54 92 94 94 36 89 94 33 56 51 49 98 13 94 17 31 23 76 89 17 56
34 17 51
29 10 75
34 36 36
16 28 65
29 3 87
30 20 95
28 19 55
8 25 94
21 3 93
14 23 11
16 29 13
20 9 67
24 2 73
1 32 45
29 18 88
13 37 23
32 23 26
1 4 19
26 13 24
13 24 63
25 11 28
37 8 54
26 22 77
11 30 32
29 12 51
37 31 49
6 9 45
17 36 32
13 16 77
15 26 75
20 6 79
33 27 84
35 4 54
1 28 75
22 5 28
7 22 46
1 17 23
29 33 31
32 14 79
15 22 71

43 68
37 17 38 97 91 37 50 68 98 40 51 91 25 20 95 51 88 22 23 60 99 97 65 38 80 36 24 14 37 89 65 85 47 18 59 38 11 64 43 75 35 75 14
30 26 15
39 4 94
8 16 67
9 28 33
41 30 20
40 13 53
28 23 51
33 16 83
10 26 99
7 1 59
27 13 55
38 13 48
3 17 22
16 5 45
10 30 68
41 35 34
30 35 58
22 31 14
15 25 58
5 32 65
41 10 92
36 19 93
8 39 51
3 15 19
11 21 74
9 29 84
18 7 68
33 6 46
42 1 22
23 11 53
1 19 65
9 24 99
6 16 70
23 31 22
33 32 46
35 26 70
24 2 40
6 5 95
39 7 82
43 21 75
8 18 61
36 14 74
18 39 92
16 32 22
11 43 65
27 40 57
10 35 46
33 5 35
7 4 16
40 38 79
36 1 18
3 12 97
20 28 55
36 42 99
29 41 40
8 7 27
28 7 24
4 40 37
9 20 39
27 38 40
41 26 78
6 32 64
18 4 52
13 34 90
8 4 40
42 19 43
18 3 35
3 37 19

33 35
29 90 50 31 83 98 57 33 39 30 55 14 95 94 64 24 99 40 53 13 16 88 96 61 21 53 18 12 48 83 57 50 54
33 14 40
26 12 11
12 19 92
19 10 74
13 31 73
24 13 60
10 2 93
25 32 24
20 11 38
32 18 16
4 26 98
24 9 59
24 21 62
32 20 75
31 6 11
30 18 22
32 5 93
24 8 90
3 21 57
8 28 16
22 5 75
25 4 75
19 2 46
32 23 92
4 12 73
24 28 31
4 29 66
9 27 22
13 17 66
33 9 44
25 8 28
3 15 42
12 7 51
27 16 10
26 1 74

46 67
69 27 53 36 28 18 17 58 50 18 98 71 49 98 71 26 61 55 70 13 15 59 47 82 23 60 79 51 13 33 63 88 24 80 57 22 26 69 32 70 30 63 12 23 29 47
21 4 28
16 43 73
41 11 94
10 39 59
46 19 20
31 29 68
21 15 36
15 3 46
33 9 88
44 6 32
11 28 26
15 10 71
40 7 54
45 38 82
14 40 14
24 19 84
18 42 11
29 38 29
34 41 97
9 28 34
34 13 69
7 2 51
27 6 59
41 13 34
26 37 25
7 17 67
3 10 34
35 19 38
20 4 23
27 8 59
35 24 19
31 45 72
30 23 45
5 46 95
22 32 59
9 31 36
21 30 80
2 17 48
27 44 19
31 38 79
37 5 68
34 28 61
35 46 69
26 36 42
9 12 75
3 39 14
17 18 65
16 22 46
14 43 31
18 27 51
1 40 61
21 5 48
28 13 10
34 11 70
29 45 32
32 36 53
25 22 26
37 36 99
15 39 17
24 46 98
25 32 93
16 14 79
8 6 53
8 44 43
7 33 57
41 28 88
11 13 82

22 27
15 89 53 68 98 75 20 71 73 85 16 49 76 26 92 30 21 45 13 34 44 75
8 19 72
7 15 71
13 1 91
5 6 20
18 4 87
5 16 74
21 20 40
7 13 42
7 2 34
9 22 59
1 20 77
22 17 59
12 5 75
8 14 56
15 8 39
8 11 61
16 6 80
12 6 63
22 3 66
3 17 46
1 21 52
7 10 29
12 16 78
9 4 50
15 2 79
9 13 76
11 5 60

27 38
29 92 42 15 66 55 25 67 96 49 32 52 24 34 75 44 11 69 39 78 69 29 16 40 19 38 68
12 21 56
4 19 86
22 18 19
26 17 86
23 24 70
21 16 95
25 17 64
11 17 63
13 10 97
1 11 35
3 17 16
26 25 86
9 17 14
4 7 39
25 9 48
27 8 78
27 24 59
14 23 51
12 16 77
20 27 88
13 19 58
8 24 22
1 6 52
20 24 11
25 3 83
16 15 44
1 5 97
27 12 41
7 19 87
6 5 76
20 8 22
8 6 95
6 13 49
15 2 16
26 9 43
9 3 88
26 3 48
13 22 26

25 38
14 81 85 94 37 11 94 29 63 76 91 35 34 98 43 46 83 81 60 28 22 78 77 58 15
2 18 95
3 22 12
15 14 50
9 21 79
23 4 16
15 7 23
6 20 12
21 13 85
1 8 61
24 13 88
15 25 12
18 23 64
24 21 11
15 19 84
10 1 54
20 16 44
6 16 53
7 19 55
12 5 50
7 25 82
6 4 15
5 14 45
16 4 71
15 11 55
18 22 95
20 4 54
11 9 48
11 13 56
23 10 93
19 25 93
9 13 51
11 21 92
25 17 58
11 24 28
12 14 27
23 7 84
9 24 97
10 8 76

15 18
65 37 71 45 83 81 18 33 42 97 63 91 67 50 59
13 1 84
13 14 63
9 6 93
4 7 83
12 6 21
8 3 37
4 11 73
11 8 61
14 10 94
4 9 48
14 5 32
6 15 52
12 15 17
9 12 83
10 2 74
11 3 66
13 7 81
9 15 16

12 15
86 93 83 71 97 39 47 25 32 59 90 47
3 11 19
1 12 85
5 10 77
1 3 55
3 8 10
8 11 41
2 5 23
5 4 47
8 7 58
1 6 22
2 9 41
10 4 95
3 7 85
1 2 13
7 11 12

18 23
93 22 38 53 77 97 71 10 75 12 95 82 30 20 65 20 48 66
4 16 27
1 3 37
13 3 81
11 12 94
17 14 73
7 6 95
9 1 43
16 14 40
12 15 39
9 7 59
11 5 42
11 8 32
17 16 99
18 2 85
1 2 94
3 16 32
5 10 30
4 14 16
4 17 96
9 13 33
11 1 58
9 3 89
1 13 72

13 16
88 40 88 49 21 43 99 81 90 60 12 95 36
12 5 67
5 2 42
10 8 15
5 13 34
12 7 93
12 6 31
9 6 67
11 3 98
2 4 97
6 10 75
2 13 38
9 7 64
8 11 66
6 7 53
10 1 26
12 9 45

25 35
90 68 39 68 73 70 25 65 94 56 90 21 44 15 61 63 23 60 58 17 60 24 10 26 45
12 17 18
25 22 87
21 1 27
16 10 99
23 5 82
11 19 77
9 8 27
25 20 95
16 2 72
23 1 21
14 1 69
18 5 17
11 20 35
17 16 74
18 21 45
3 13 72
18 23 94
17 10 80
5 21 83
12 6 62
23 21 53
3 12 18
12 14 27
14 9 80
17 2 63
18 1 16
2 10 37
14 4 79
6 24 66
5 1 41
25 13 11
20 19 49
14 7 67
13 22 68
10 15 64

14 16
75 74 36 40 49 62 60 73 18 72 65 21 17 49
6 9 61
10 1 73
3 11 62
7 4 14
1 3 56
13 9 40
6 14 42
2 8 65
14 1 98
13 6 50
11 12 32
5 14 15
4 2 58
3 12 97
7 2 98
14 7 29

22 25
39 93 40 26 65 22 39 83 24 58 91 54 67 15 95 43 34 84 28 86 29 81
6 8 67
19 3 49
12 3 28
11 22 33
11 15 30
2 7 70
3 2 50
19 9 32
13 12 95
19 17 19
9 4 35
13 15 41
19 2 30
13 16 85
9 14 65
11 18 21
6 5 69
1 16 66
21 18 57
3 9 51
20 18 80
4 10 80
21 20 42
4 6 75
9 2 92

38 47
43 56 69 97 44 49 55 57 26 22 93 97 66 17 35 13 57 80 24 10 25 67 73 32 42 88 22 19 31 35 61 44 78 39 87 79 50 90
25 18 49
30 14 54
30 29 64
27 20 10
11 26 21
4 20 82
21 29 67
34 25 14
12 8 95
16 35 99
14 3 43
15 37 79
34 5 40
22 35 64
28 19 33
22 13 71
25 24 34
33 32 87
38 13 40
31 38 71
32 38 53
34 19 69
1 9 54
17 26 89
13 35 79
31 15 21
6 9 15
5 6 34
6 1 51
24 10 30
27 34 92
11 17 75
34 30 49
16 22 85
17 36 59
2 7 12
14 23 77
10 12 49
4 27 60
26 36 25
30 33 48
18 24 14
32 31 80
14 2 91
10 36 81
11 36 35
16 13 53

48 61
95 11 23 25 90 17 24 53 23 28 82 26 60 63 50 68 79 35 47 11 78 32 95 79 22 68 13 89 19 47 31 65 32 64 27 63 52 68 78 38 64 73 54 64 69 54 56 67
45 11 16
8 16 67
42 27 32
38 33 81
36 17 18
24 9 57
33 39 36
17 22 55
47 6 57
12 28 60
6 9 77
42 31 88
20 22 32
5 45 84
16 15 39
8 38 39
31 9 85
30 48 69
26 14 85
8 21 50
7 23 16
4 46 23
16 18 87
31 37 30
45 34 35
41 33 19
25 3 64
36 30 96
31 8 32
7 14 21
22 46 53
37 34 53
9 10 53
30 28 10
20 17 47
37 7 47
38 41 97
19 44 36
47 24 98
1 45 46
38 39 16
42 36 50
15 18 72
41 39 89
13 44 51
23 2 46
31 6 53
47 31 28
47 43 99
10 40 90
5 1 40
24 6 80
1 34 34
42 25 27
27 19 75
31 24 12
43 32 36
45 35 29
29 42 36
5 34 60
47 9 59

43 61
88 38 10 35 85 66 87 74 73 31 54 52 70 21 25 43 29 33 75 69 57 89 90 27 90 56 97 73 22 57 76 38 81 14 86 46 56 37 75 28 78 60 78
15 10 66
13 8 99
5 42 39
6 7 50
2 21 33
17 38 13
6 24 57
15 35 57
34 21 94
5 22 51
43 12 66
25 1 28
30 16 58
37 4 93
14 35 86
34 28 58
30 19 71
27 22 74
4 1 90
31 40 16
24 18 66
25 37 19
19 16 43
13 11 89
43 26 10
14 15 61
7 2 72
8 32 41
20 23 26
9 21 53
14 33 38
27 41 73
3 10 92
11 31 73
43 39 96
3 23 24
2 9 21
18 16 65
2 34 17
25 4 41
8 38 38
33 37 81
3 20 53
2 43 10
19 18 62
22 41 80
30 18 67
23 10 54
9 34 77
34 5 70
24 11 17
5 27 22
34 14 37
15 29 32
33 35 64
33 15 91
5 41 28
20 10 47
28 36 56
11 8 80
37 1 83

25 36
81 68 99 24 41 93 99 88 22 34 22 54 21 20 57 26 14 12 74 49 62 87 93 29 62
8 6 69
19 25 87
14 18 65
10 17 38
7 8 25
7 2 77
23 20 52
6 21 84
15 4 30
8 19 76
12 20 46
19 6 49
5 12 97
2 11 58
16 11 65
10 9 19
23 18 33
7 6 44
23 13 87
15 6 44
8 25 46
25 3 92
25 6 86
18 1 44
4 13 86
7 19 44
7 25 23
14 1 15
7 9 13
23 22 16
17 9 12
24 23 76
4 23 85
5 20 45
4 24 86
24 13 73

12 17
21 37 34 44 72 21 34 98 43 92 30 89
4 8 75
10 3 80
7 8 41
12 10 24
8 2 90
5 10 32
12 3 21
11 3 57
12 5 78
1 6 63
2 11 28
1 9 30
11 12 10
5 3 51
1 2 83
11 5 12
11 10 65

49 60
24 36 27 99 57 51 43 19 73 32 98 75 25 87 85 84 88 96 79 49 22 24 95 82 16 92 96 41 37 43 39 37 52 20 37 35 76 23 27 76 63 10 83 59 63 32 41 41 33
19 35 24
23 29 28
40 21 82
18 35 40
2 12 24
15 33 97
43 5 39
48 3 28
6 4 71
25 13 25
11 18 43
7 32 66
26 28 91
23 39 98
2 24 91
10 13 58
41 31 20
27 39 43
25 17 32
14 3 50
28 38 94
9 45 30
3 16 26
11 35 51
15 38 43
30 15 28
9 19 77
36 15 74
19 11 28
38 7 77
30 33 63
28 40 96
37 6 29
38 33 51
46 31 62
7 20 37
36 38 96
5 25 28
30 23 28
24 22 42
26 37 94
32 44 26
13 47 35
24 8 69
15 24 31
19 18 29
48 16 62
42 27 50
25 1 14
9 6 16
10 47 49
36 33 78
14 21 20
26 43 90
14 34 67
30 38 94
42 39 31
41 26 42
36 30 50
45 49 61

43 55
11 13 59 86 55 88 36 41 93 57 11 57 72 41 31 37 27 73 37 29 10 29 96 30 57 67 10 84 81 85 34 63 38 25 83 37 75 90 10 59 69 66 65
40 12 35
29 14 68
3 28 86
37 36 86
25 21 39
33 4 54
43 37 50
32 42 53
35 15 48
26 5 21
31 17 79
11 30 36
10 22 57
36 41 92
17 23 96
36 2 27
19 26 44
32 15 96
39 34 18
19 33 15
3 14 85
26 33 89
41 40 29
5 33 16
43 36 54
19 35 48
19 38 99
3 29 10
37 9 82
1 17 47
13 6 34
37 2 21
10 33 12
10 13 72
8 7 79
19 5 78
20 6 50
10 11 93
35 32 24
15 42 19
1 23 64
41 12 21
22 27 18
13 43 42
4 7 12
22 25 91
13 29 93
4 8 50
24 34 52
24 16 44
43 2 13
22 31 38
22 18 38
13 24 98
35 42 33

48 61
93 99 82 77 61 75 79 18 63 57 62 76 86 52 97 45 39 34 91 55 94 89 15 87 32 43 90 40 44 99 57 19 67 90 66 87 28 91 69 79 59 65 79 53 96 85 43 23
32 41 85
40 35 25
15 47 76
15 41 47
46 45 98
30 14 68
5 25 42
26 28 93
4 19 24
46 12 79
37 21 57
42 14 48
32 29 40
31 19 50
1 44 70
16 36 92
45 12 27
42 23 16
7 3 38
20 36 22
16 40 16
9 44 88
24 5 42
16 28 96
40 42 59
24 27 65
6 38 83
42 8 54
47 1 54
24 39 81
47 9 79
9 1 75
22 8 70
29 41 90
40 28 74
40 26 55
13 8 83
22 13 27
16 26 41
34 15 95
33 19 74
31 4 58
15 6 85
11 21 60
11 19 65
24 34 86
27 11 29
27 7 50
35 10 87
18 17 64
43 7 32
39 34 72
45 17 11
43 3 32
31 33 23
34 12 24
40 24 52
47 44 15
4 33 54
27 48 35
42 2 25

31 34
64 49 53 86 35 38 55 57 12 31 91 91 82 51 52 57 88 90 25 86 22 22 41 44 43 68 92 95 19 91 53
16 7 91
12 25 25
30 27 62
14 30 61
15 5 90
1 16 49
26 13 33
23 15 99
23 10 24
16 21 35
18 17 48
14 15 98
17 28 34
15 10 43
12 4 61
28 22 29
21 8 50
3 29 99
17 20 33
18 6 53
28 16 63
5 10 99
24 6 83
13 31 89
26 19 16
7 11 54
22 2 33
29 19 16
17 12 98
17 14 40
18 9 45
23 5 69
3 19 46
28 13 90

35 46
86 15 55 86 17 80 90 71 23 82 67 98 82 69 38 38 10 46 46 72 74 20 80 17 59 26 32 52 48 48 36 71 56 33 81
4 1 49
13 1 66
2 35 28
10 20 67
22 3 25
28 17 65
20 29 59
31 19 48
34 27 35
24 21 75
7 11 31
7 15 87
34 5 25
33 3 65
19 26 87
2 21 80
10 16 66
3 10 71
10 30 22
28 25 94
13 11 11
31 26 71
35 34 78
29 8 32
6 16 59
3 18 82
4 11 69
2 24 34
24 26 22
1 11 25
3 2 12
32 17 20
27 12 48
20 8 52
9 14 94
3 7 53
25 17 80
2 25 91
35 21 89
4 13 69
25 32 42
35 24 81
28 32 61
12 14 39
23 18 33
12 9 24

16 22
67 20 74 70 27 43 66 55 43 14 17 19 81 34 40 53
15 3 42
7 6 89
10 1 95
4 5 68
14 4 49
7 8 14
2 3 61
9 8 98
14 2 66
11 16 98
12 10 68
14 11 27
7 9 49
6 9 60
15 2 91
7 13 73
13 8 21
6 8 56
9 12 42
8 14 87
13 6 30
13 9 12

46 60
42 51 98 46 49 82 27 21 88 74 88 68 39 99 14 78 77 11 40 18 96 47 70 72 71 18 61 38 87 84 34 21 51 65 31 47 86 41 85 89 97 85 27 92 67 78
20 37 22
21 4 64
16 5 59
27 1 78
43 46 38
1 15 38
22 28 69
30 15 40
23 32 10
46 16 98
43 16 43
19 41 94
38 9 89
11 43 93
30 1 46
16 7 50
39 42 95
23 31 99
14 18 26
27 15 67
6 3 41
45 39 75
12 10 19
4 45 27
33 14 46
26 40 62
25 44 35
46 6 23
20 24 41
11 46 59
33 25 50
23 35 63
14 25 20
10 45 26
33 16 55
24 29 75
20 29 87
21 36 30
42 33 84
41 8 77
35 2 64
44 29 81
30 27 64
12 45 82
32 34 86
25 18 35
33 18 96
26 9 72
46 17 90
38 40 69
9 4 15
11 16 76
4 36 67
40 13 47
26 1 89
40 9 36
38 26 84
19 44 69
44 23 21
19 22 72

26 36
99 95 19 39 38 84 45 36 85 57 48 99 61 36 84 93 36 89 25 63 79 51 11 40 60 92
23 21 75
26 8 86
17 16 90
18 17 41
14 6 30
3 15 94
18 4 96
3 21 31
23 14 64
19 6 84
26 13 74
25 14 12
4 22 72
5 7 95
16 1 61
20 7 93
24 22 57
18 2 14
10 12 99
1 11 81
26 17 27
10 11 57
23 3 28
3 18 76
12 11 42
26 16 44
23 15 56
7 21 67
10 1 74
5 20 71
4 24 35
1 12 48
26 9 39
13 16 96
21 15 79
13 17 89

18 22
89 69 37 54 23 72 90 10 46 92 66 70 34 42 15 49 44 71
8 17 52
12 10 97
10 16 52
8 14 44
16 5 53
13 15 57
18 10 89
2 4 16
3 18 51
2 12 75
2 10 95
8 16 77
13 7 54
15 18 52
3 11 66
17 16 71
12 6 61
3 15 54
1 14 20
2 9 33
15 11 99
11 18 40

17 17
29 64 86 12 71 93 85 51 74 34 58 43 74 73 34 18 78
2 10 14
12 17 56
11 10 28
1 8 13
5 9 92
1 15 10
16 7 57
12 2 86
2 16 12
12 16 40
14 8 79
14 5 73
3 5 53
16 4 81
13 7 68
3 12 72
8 6 37

11 17
36 42 27 35 32 86 18 93 21 79 25
8 2 62
8 9 74
2 9 81
8 6 44
7 1 19
11 7 50
8 10 16
8 5 31
4 2 43
4 1 44
4 3 98
2 6 69
10 9 96
10 6 81
2 10 67
6 9 86
11 1 25

29 37
82 89 22 88 41 20 86 21 16 26 65 13 23 37 43 33 16 78 71 79 61 62 22 51 41 53 97 34 39
14 7 65
16 12 56
12 29 52
11 8 81
22 6 11
6 27 56
22 3 91
7 2 33
15 19 97
2 5 60
18 6 43
24 26 15
23 4 32
21 29 32
23 20 47
13 5 95
12 23 23
10 9 78
24 25 64
10 16 65
11 17 17
26 25 24
19 28 27
8 15 86
22 27 45
9 16 82
6 3 85
9 12 95
18 25 42
15 28 45
14 16 75
4 20 56
7 18 78
27 3 48
7 11 90
10 12 66
2 1 48

17 19
44 35 75 84 17 81 21 47 89 41 75 50 27 94 59 71 39
12 4 80
11 6 38
11 3 70
2 10 47
2 17 55
3 15 21
2 12 74
10 12 12
11 7 96
12 6 60
3 8 84
3 5 23
7 13 44
14 9 84
16 1 35
11 16 45
10 6 11
12 14 57
2 6 45

25 36
43 78 62 32 42 63 81 61 92 89 91 54 58 76 69 21 70 64 69 20 45 93 89 27 37
21 3 34
16 20 21
12 4 60
7 12 40
3 7 84
25 9 50
8 17 52
25 21 32
3 12 14
2 12 41
5 22 28
14 19 33
13 22 39
2 7 38
5 11 24
3 4 28
10 24 96
5 23 20
14 15 29
10 18 85
2 4 79
7 4 69
13 18 67
17 13 47
14 6 57
22 14 33
6 19 14
8 13 84
13 25 50
9 1 89
18 24 68
15 6 22
16 11 32
15 19 73
2 3 41
11 20 87

24 24
19 52 27 87 29 96 55 73 58 28 88 64 21 78 20 70 48 80 11 65 36 81 42 52
13 14 89
10 23 35
10 11 90
19 21 57
24 15 63
10 17 56
13 4 79
1 16 38
4 21 35
17 11 83
1 6 74
20 6 17
18 10 23
3 7 65
21 8 95
24 18 50
2 14 26
24 3 24
4 5 15
16 9 43
9 12 45
19 1 47
5 18 59
8 22 55

21 36
74 65 51 90 46 18 75 84 50 25 28 18 46 61 47 52 89 76 61 21 92
11 6 83
4 5 95
11 1 21
21 2 68
7 20 47
1 6 20
10 2 15
19 20 64
3 2 42
13 2 45
19 14 78
7 17 50
16 18 60
15 18 12
3 10 18
21 9 88
8 3 47
13 8 98
1 12 21
1 17 48
6 21 60
19 17 66
21 18 53
7 19 42
6 12 33
13 3 20
13 10 12
7 14 56
16 15 84
21 4 63
20 14 13
8 2 15
11 12 65
17 14 75
20 17 44
8 10 72

12 13
14 22 51 68 97 42 92 24 99 59 73 57
2 3 73
9 4 88
8 12 67
11 4 94
3 1 57
2 1 14
3 6 54
8 1 23
8 7 10
11 9 73
8 4 20
3 5 33
7 10 31

33 51
87 68 30 77 86 98 84 18 22 41 40 28 95 32 80 41 21 50 55 55 54 64 61 21 64 70 47 95 74 20 58 34 45
25 28 94
22 1 81
10 9 15
6 8 97
5 7 53
28 27 99
14 6 58
3 2 74
3 29 58
13 27 63
5 19 50
21 11 32
4 33 78
23 17 96
4 24 47
10 19 46
16 14 64
10 15 42
31 6 51
16 6 48
9 30 34
28 1 62
29 2 87
26 11 25
12 29 35
12 2 94
10 16 57
19 7 83
9 20 57
28 2 57
20 18 96
22 32 58
31 8 12
14 8 90
31 14 11
31 16 45
25 9 35
21 26 56
4 23 59
23 24 22
28 26 58
24 33 19
24 17 40
3 12 23
1 32 49
16 8 48
10 30 59
23 33 81
20 23 92
4 17 38
33 17 96

33 48
18 66 40 55 44 74 88 49 82 83 15 43 98 65 37 66 18 21 77 65 49 85 48 41 92 75 53 75 21 35 19 35 66
29 27 20
28 21 32
24 32 96
13 19 22
29 12 54
1 10 43
28 2 43
6 14 57
30 10 63
25 5 64
9 13 19
19 7 23
8 23 48
1 33 24
11 33 55
11 10 78
21 3 64
5 4 82
16 18 99
9 5 95
24 28 33
8 3 63
17 27 96
11 1 62
23 3 44
23 21 82
25 4 40
16 14 67
22 4 32
26 5 29
22 26 85
33 10 48
19 20 25
22 5 62
13 15 24
8 21 18
26 25 79
16 31 82
32 17 44
32 27 85
24 16 64
29 17 43
2 30 90
26 4 88
22 25 20
7 20 67
29 32 41
24 9 34

22 37
12 34 25 41 15 23 67 22 24 63 36 42 41 19 85 34 69 98 52 36 32 23
9 4 66
8 21 44
22 8 95
18 1 76
18 17 90
11 16 23
4 19 97
2 16 10
22 1 45
20 16 85
3 17 40
7 16 76
9 19 77
12 9 54
3 10 58
17 10 45
12 15 74
13 21 26
11 20 70
22 15 34
8 18 21
5 19 96
15 1 74
18 15 60
5 4 62
5 9 86
5 6 99
8 1 52
11 2 41
14 20 86
2 14 79
8 15 72
2 20 67
14 16 58
11 14 90
12 7 75
22 18 42

18 20
95 75 39 89 18 77 51 69 46 19 72 91 59 91 37 63 77 47
18 13 18
10 7 30
7 15 51
16 4 15
3 11 90
17 13 60
12 6 75
10 1 53
3 17 49
12 14 30
4 1 28
13 12 25
18 8 57
6 9 92
10 17 65
11 5 40
18 12 74
16 1 86
11 2 68
3 10 30

15 19
82 89 47 52 69 64 95 32 79 27 85 89 67 75 89
2 9 43
14 11 82
13 6 58
6 14 86
12 5 23
13 12 26
8 9 67
10 1 29
13 5 20
6 5 93
10 15 98
12 6 58
12 10 10
8 2 75
4 11 86
13 7 91
1 15 63
3 7 35
14 2 71

40 55
19 47 42 74 59 73 75 92 97 45 74 21 41 93 21 19 86 38 87 66 42 99 34 85 12 97 27 35 50 78 89 69 89 83 39 42 30 24 12 28
3 23 21
7 12 21
28 11 10
26 35 18
12 25 69
1 25 79
24 18 25
8 11 79
18 8 14
14 27 33
29 40 10
4 2 14
34 15 26
28 8 78
7 38 96
36 19 83
33 18 84
5 30 26
39 40 78
35 31 28
15 27 93
5 22 58
24 33 72
26 10 67
34 14 30
30 22 66
36 33 26
39 17 89
36 18 10
29 26 83
6 18 59
35 16 98
34 27 26
16 10 89
1 21 94
4 23 33
26 31 26
19 20 12
4 34 92
6 38 33
24 36 14
40 17 33
26 16 23
21 25 88
29 32 42
29 13 81
33 2 33
4 37 85
32 9 89
2 5 61
31 16 92
14 15 99
24 29 66
31 10 27
35 10 57

31 46
88 50 92 41 51 89 52 92 11 97 66 51 24 65 51 79 23 54 81 11 35 37 84 49 75 15 75 39 14 42 42
29 26 28
28 11 42
28 16 43
29 27 45
6 3 39
31 3 88
7 3 18
9 21 74
30 14 27
28 1 45
20 5 80
3 17 72
4 27 63
19 24 31
20 9 27
5 12 58
2 13 18
29 4 36
27 26 88
22 29 78
31 18 31
13 18 38
27 10 37
23 25 76
3 25 82
7 19 36
7 6 25
2 18 52
20 12 85
6 19 92
6 1 28
1 16 42
22 27 70
5 13 62
4 26 44
31 2 95
18 30 68
22 4 31
1 11 28
3 19 31
16 11 35
4 8 62
15 10 90
12 29 62
31 13 44
22 26 21

17 20
90 68 49 86 93 41 93 79 36 61 73 37 45 60 78 42 90
10 8 90
13 3 80
13 10 44
10 15 88
14 9 91
1 16 95
5 7 91
12 1 64
12 11 98
9 13 23
6 2 24
11 5 78
3 15 56
17 11 67
12 16 66
3 10 48
4 7 61
7 14 88
9 6 53
13 15 26

14 18
38 55 23 89 40 18 37 27 69 44 29 29 13 55
3 13 24
7 10 38
8 7 18
10 5 21
2 14 66
11 3 68
7 2 45
14 1 35
10 3 91
11 10 68
8 2 63
6 14 25
11 13 94
9 5 89
13 4 71
6 1 74
11 12 39
10 13 51

12 12
96 77 44 34 87 99 86 67 94 95 43 43
1 9 23
3 10 52
8 7 56
4 6 40
2 6 59
9 11 49
9 7 12
3 4 44
9 5 22
12 11 85
9 3 67
2 4 13

33 46
28 11 45 36 57 55 93 85 58 66 58 49 58 98 90 12 77 83 44 62 41 91 88 39 98 84 46 55 16 73 81 74 26
18 30 24
15 29 30
30 23 47
13 17 75
4 20 68
1 5 74
7 18 68
6 13 64
15 16 55
12 27 54
8 5 42
9 4 66
2 28 43
33 27 93
30 9 19
4 33 40
10 14 86
31 20 86
6 17 92
10 13 18
1 8 21
25 28 87
15 22 63
28 11 42
29 22 24
10 6 13
3 26 10
32 14 79
30 21 67
21 19 60
2 25 38
24 5 94
25 11 77
24 8 84
26 14 52
9 25 39
26 32 61
9 24 20
16 7 96
33 12 15
24 1 73
3 14 43
10 17 95
2 11 59
3 32 45
30 6 43

40 47
56 54 60 52 78 94 21 47 65 63 72 21 51 66 34 80 89 23 58 80 65 49 99 58 16 11 87 14 19 21 50 62 79 65 64 34 79 20 98 28
7 18 37
37 19 87
29 12 60
35 17 86
15 4 23
36 30 91
8 1 98
23 22 38
8 6 74
32 17 71
37 22 78
20 17 97
27 4 18
1 34 67
36 7 88
24 1 31
23 37 98
15 26 58
7 33 18
16 38 19
20 35 75
10 28 30
15 39 32
10 12 54
12 36 56
23 19 82
10 15 87
6 21 19
8 16 88
24 34 85
29 13 79
6 37 80
7 5 78
25 18 93
12 9 63
3 2 52
22 19 64
31 2 70
14 30 79
31 13 41
33 40 52
32 35 61
20 32 78
39 11 24
31 17 40
36 5 25
28 6 85

23 29
42 85 96 30 17 45 94 64 13 72 16 41 25 19 86 74 75 23 82 30 20 77 29
11 7 54
14 4 58
21 19 61
9 14 76
21 23 95
23 11 45
1 22 43
16 10 36
12 3 41
13 21 10
22 10 24
8 17 21
14 15 28
11 2 24
9 13 39
23 5 32
9 17 63
1 16 80
19 20 34
8 13 74
15 16 17
1 10 61
8 9 52
16 22 66
4 18 98
17 13 18
6 5 81
2 7 39
10 12 27

10 16
58 81 73 23 73 55 12 73 93 98
8 6 21
7 4 56
7 8 18
4 6 34
2 5 21
9 1 43
10 6 98
5 1 36
5 9 10
8 10 97
2 10 77
4 10 63
7 10 16
4 8 41
7 6 71
2 3 88

17 19
90 51 44 99 96 86 92 27 89 33 28 18 20 42 82 51 13
13 11 63
14 11 70
7 12 76
13 3 62
5 8 98
4 16 75
5 17 91
12 14 15
3 16 58
7 14 96
11 2 48
6 15 92
3 11 54
5 1 90
13 5 65
2 9 60
11 15 76
9 10 36
2 10 91

20 26
84 35 73 65 91 45 74 93 14 22 54 29 54 96 81 85 39 53 85 56
4 6 32
14 20 82
16 8 88
19 5 33
14 11 82
9 4 33
11 10 73
15 16 79
11 20 28
9 16 12
13 7 65
16 7 46
15 1 97
8 17 55
8 18 23
1 16 84
5 3 52
18 12 64
14 15 18
14 10 21
17 2 73
20 10 60
9 19 24
15 9 26
19 3 99
9 1 66

32 45
16 64 28 57 29 66 64 38 30 50 37 69 10 14 37 92 89 38 27 33 41 27 88 57 48 12 15 94 62 84 74 62
20 10 85
25 8 22
14 1 32
5 2 24
12 16 82
15 4 55
28 8 12
20 3 66
2 31 64
17 31 86
27 7 94
27 29 72
24 9 94
9 28 96
24 25 97
4 7 55
4 32 49
17 11 66
3 5 41
15 3 16
21 18 47
25 28 32
16 13 91
11 31 50
5 18 25
25 9 65
10 8 13
5 6 84
19 2 57
3 23 84
19 17 63
24 8 20
14 30 57
13 15 74
19 31 97
2 11 27
19 11 37
12 13 69
9 8 35
22 29 28
2 17 43
7 30 74
27 26 76
1 30 24
24 28 17

14 14
74 91 95 50 47 74 81 47 36 72 37 57 42 35
3 7 13
7 9 59
4 10 79
9 10 24
1 10 88
4 1 73
7 12 83
11 9 36
9 6 78
7 5 90
2 12 74
12 14 25
11 13 22
5 8 47

32 35
93 50 49 54 83 49 49 25 79 29 22 14 73 80 44 19 16 47 93 14 65 94 54 27 78 41 66 83 97 89 74 70
16 9 49
32 11 30
31 30 56
32 21 19
29 2 87
7 2 39
1 15 71
1 13 90
15 3 93
6 18 12
8 27 20
1 17 65
28 12 81
32 30 88
19 27 57
26 9 51
25 22 17
16 26 17
12 23 80
23 4 40
19 22 38
19 9 78
15 18 71
15 32 94
20 11 63
9 1 13
3 24 15
19 8 73
7 27 36
29 7 93
15 10 21
3 12 85
10 14 25
3 28 62
32 5 79

25 29
38 60 27 42 37 78 55 64 86 23 11 85 56 85 69 99 80 79 19 31 81 58 81 61 73
3 2 88
4 20 39
18 22 56
8 19 44
15 8 22
6 11 65
16 14 61
4 6 50
16 9 27
3 19 46
25 12 35
23 13 93
15 3 42
13 17 19
15 19 89
18 17 74
7 21 46
25 4 52
6 3 81
10 1 85
5 2 50
20 13 22
3 16 34
17 22 19
12 24 29
4 10 88
20 23 31
13 21 88
3 8 34

10 12
90 91 25 17 50 52 14 35 79 65
6 7 62
9 8 94
9 5 48
8 4 62
1 7 54
9 2 29
3 4 12
10 8 61
6 9 25
3 8 66
10 3 12
10 4 79

23 29
95 41 61 21 73 29 48 79 59 49 87 94 39 48 85 67 38 62 14 58 97 73 94
21 22 46
9 1 97
4 19 45
13 8 59
15 4 37
12 20 31
19 14 73
19 2 77
11 4 77
16 17 70
5 3 17
16 1 23
13 1 84
13 10 44
13 6 27
13 18 12
4 13 94
6 8 66
7 11 26
15 12 63
19 23 79
9 17 20
1 17 56
8 3 80
15 11 74
21 12 76
16 9 25
18 8 78
6 18 57

46 60
67 57 44 81 28 63 28 65 40 86 70 78 25 78 64 67 41 13 86 38 21 18 97 84 72 22 98 96 86 99 36 92 37 60 39 19 21 16 15 39 33 45 40 57 23 22
39 15 60
4 45 93
39 26 29
6 42 26
33 15 83
36 27 64
19 11 99
38 16 71
5 38 92
36 1 91
1 3 30
43 31 50
9 44 11
2 31 89
19 25 68
9 24 64
13 37 93
40 20 78
36 5 92
44 24 48
22 40 28
27 44 42
23 10 70
5 25 11
11 32 97
26 33 96
23 34 68
36 3 59
27 4 28
17 20 81
39 33 68
19 41 91
6 26 88
4 40 34
25 11 43
17 22 83
37 12 90
41 34 37
21 46 78
43 2 41
5 11 62
41 30 78
6 31 21
26 15 73
17 40 83
25 21 23
4 29 82
6 32 23
22 20 26
9 18 30
34 10 33
5 19 56
1 13 60
1 27 89
13 28 68
7 27 90
14 42 63
35 7 94
27 3 36
37 8 25

34 40
22 66 43 21 29 44 99 27 21 23 81 90 86 73 64 70 55 53 25 53 73 38 62 52 70 31 85 35 74 24 27 81 76 65
26 2 14
4 34 74
20 23 72
2 33 82
14 4 97
8 30 63
10 25 39
18 21 10
20 12 82
21 22 31
14 28 77
15 9 22
32 12 24
24 10 28
24 3 42
16 29 34
10 6 48
10 11 81
17 22 57
1 13 97
27 5 55
18 22 34
23 27 88
31 3 48
26 33 74
29 30 15
15 6 12
2 19 10
31 24 95
1 29 41
17 7 29
26 19 36
34 31 67
17 20 55
28 4 87
25 23 22
33 19 72
17 23 55
15 26 83
31 1 79

33 38
76 38 85 12 41 74 48 45 56 20 58 50 74 90 99 41 67 84 99 42 54 32 25 14 59 95 44 56 59 70 45 96 20
27 16 78
14 30 30
23 26 80
30 12 12
20 9 13
23 3 59
28 7 98
22 24 82
22 21 14
25 9 32
16 33 80
23 10 10
17 28 65
27 15 80
18 5 64
10 2 31
32 21 56
10 13 89
7 11 74
32 24 25
22 32 68
1 19 66
12 1 38
16 5 48
4 31 92
27 21 40
29 7 66
29 25 96
28 23 88
24 21 11
20 25 91
12 19 19
2 13 21
17 27 42
29 31 31
6 8 53
28 14 20
7 6 66

28 38
95 79 11 12 83 40 15 53 16 59 79 56 99 23 64 15 39 27 72 12 41 77 77 80 62 34 16 57
2 21 47
28 22 44
20 22 29
17 13 12
20 26 63
11 23 85
7 6 52
25 28 61
13 5 52
26 28 89
20 28 77
4 27 53
25 5 65
12 8 60
12 9 97
14 19 48
4 11 97
27 2 78
19 18 94
3 12 53
19 1 15
26 22 90
6 10 69
14 4 59
9 10 95
3 9 30
3 8 29
15 17 96
24 27 17
24 2 58
6 4 72
15 13 56
16 1 79
14 13 56
27 21 78
24 21 66
8 9 13
7 10 39

39 48
10 41 98 76 33 37 70 44 72 22 36 26 33 96 94 65 51 19 17 61 41 87 97 32 69 44 78 48 99 79 97 87 14 67 10 42 44 85 25
30 31 88
36 25 80
18 26 70
20 9 69
18 39 35
11 4 18
1 26 19
27 12 96
3 36 15
14 11 28
21 19 74
32 37 37
7 21 59
19 22 50
12 36 57
9 11 57
27 8 27
18 1 67
35 16 24
6 38 72
2 17 42
28 32 19
35 31 80
10 33 70
21 24 16
35 30 55
27 26 81
12 29 90
39 15 15
29 13 97
25 14 93
19 6 53
19 17 34
3 16 24
12 8 25
20 11 94
38 34 72
15 7 80
23 5 69
27 36 90
20 4 82
36 8 50
16 28 78
39 7 28
19 23 26
36 33 65
3 28 33
9 4 77

15 18
67 20 90 45 41 12 43 63 50 34 62 28 25 64 98
2 9 43
6 12 40
10 5 51
15 9 60
7 9 36
7 14 78
13 1 84
12 3 38
8 9 29
1 11 52
15 7 77
8 7 38
2 12 81
15 4 96
2 10 83
8 15 22
6 3 56
13 2 55

47 64
47 39 86 55 40 28 11 62 32 42 13 92 73 77 96 90 76 66 44 32 60 85 46 59 33 25 63 52 23 26 33 35 60 58 66 20 59 36 85 28 39 80 30 32 77 73 79
12 47 83
37 30 44
29 21 10
36 40 14
46 27 10
22 37 40
10 25 52
2 24 73
4 5 64
14 26 80
31 25 42
1 27 45
37 19 69
22 6 35
17 7 68
18 22 59
30 19 85
32 45 62
21 46 66
31 12 34
2 10 18
13 14 70
43 5 33
6 44 59
9 40 85
2 42 25
8 18 68
28 8 24
36 23 79
20 32 81
23 40 11
18 6 71
8 41 72
24 10 22
8 3 86
3 38 25
38 4 89
23 21 76
35 16 53
42 10 73
32 39 18
36 21 72
11 13 52
29 40 91
17 20 75
42 24 77
36 29 57
42 33 48
12 25 76
41 34 19
31 47 41
21 40 73
47 25 29
41 15 93
11 6 66
34 15 23
29 23 48
11 18 47
22 35 91
28 17 68
3 24 18
1 46 30
11 22 66
1 17 22

17 19
32 91 71 72 37 41 82 93 40 56 90 94 58 19 89 81 65
3 15 51
2 15 20
6 17 93
12 6 58
2 3 85
9 16 43
4 5 41
1 10 88
9 11 83
12 17 95
14 4 81
12 9 28
17 13 92
16 11 98
5 1 50
3 7 50
6 2 70
14 8 37
5 12 97

18 20
72 34 38 79 99 76 24 32 74 49 27 44 12 86 32 28 74 22
18 1 50
18 7 82
14 7 59
3 8 68
1 2 92
17 9 94
2 6 31
15 11 41
14 4 61
3 7 40
7 13 90
10 11 27
10 12 37
13 5 29
4 7 94
1 16 76
14 18 63
3 10 18
18 4 19
1 17 23

40 58
78 76 96 53 62 52 91 11 71 57 40 69 51 60 88 83 21 98 79 72 83 23 98 44 82 18 53 87 63 30 55 16 34 17 50 90 94 75 64 84
37 38 28
33 10 66
12 26 31
28 16 78
31 18 11
14 25 17
19 28 43
32 26 48
16 2 18
19 40 93
25 10 62
17 13 38
19 8 42
33 14 71
28 34 72
34 25 62
9 40 70
39 2 93
29 36 28
40 30 15
15 40 90
34 27 56
38 36 80
15 9 71
37 36 23
8 12 66
9 31 10
35 24 38
29 37 25
19 11 52
16 39 96
23 4 15
15 30 11
17 5 64
27 24 95
19 30 51
23 38 62
23 36 79
22 4 29
20 32 31
21 37 40
9 19 85
33 25 93
15 19 11
1 3 82
31 7 12
9 30 37
13 19 45
6 3 82
29 23 83
11 21 38
20 26 77
6 1 51
29 38 44
23 37 30
35 27 13
14 10 87
28 1 24

39 48
95 62 30 80 14 57 45 68 87 51 78 53 58 92 12 56 55 81 82 94 29 11 21 12 15 22 99 32 26 47 11 88 95 73 18 35 22 91 23
1 37 15
20 27 72
10 17 15
10 15 12
21 30 23
18 31 65
24 23 47
9 34 29
21 20 65
27 35 48
3 18 68
19 15 89
25 29 22
33 13 13
19 33 83
32 30 28
8 27 66
15 34 99
5 37 74
21 25 41
33 3 98
24 30 17
5 16 11
32 23 52
22 12 49
25 7 70
19 21 53
2 6 67
24 32 58
16 39 32
17 15 92
26 11 66
6 4 43
20 8 57
14 4 54
28 34 57
33 26 89
36 18 18
3 22 10
36 31 28
13 3 56
21 5 60
10 6 15
9 28 23
20 35 98
23 30 13
8 35 96
39 38 79

33 43
51 71 53 78 81 41 20 21 68 43 17 74 93 39 45 50 66 49 13 37 84 86 56 50 59 66 62 86 22 11 47 39 11
27 15 46
26 1 66
8 13 22
10 21 60
23 27 44
30 24 32
26 22 89
22 29 93
17 9 63
27 33 70
25 21 77
11 28 28
1 32 23
26 18 60
25 20 44
26 33 17
20 21 11
5 18 29
10 20 52
26 2 58
20 3 55
29 33 77
29 27 60
26 27 80
11 12 70
30 20 56
16 2 40
14 18 81
22 33 77
20 12 59
25 13 70
3 31 52
10 25 40
25 4 66
26 29 20
30 19 49
19 7 25
23 30 57
5 14 20
22 27 53
6 19 98
30 9 11
28 12 63

42 54
93 49 77 66 77 66 66 82 71 70 88 53 29 54 71 69 40 97 90 56 20 13 38 67 52 82 31 87 52 22 37 25 42 59 50 57 10 20 49 10 43 52
9 35 32
41 26 37
27 20 17
31 32 56
32 18 67
9 21 44
38 26 12
13 42 46
30 17 21
20 31 42
36 17 31
27 8 88
22 33 20
30 36 12
3 38 12
6 26 16
29 37 60
3 26 85
29 1 61
16 24 46
21 35 29
15 23 50
31 14 23
37 19 32
1 19 14
8 41 23
14 12 49
2 25 50
8 25 46
29 19 47
41 33 22
13 27 29
23 40 64
5 40 32
37 1 61
8 2 46
3 6 65
42 7 62
15 40 81
22 41 74
30 10 27
22 37 75
6 38 62
5 23 20
14 11 23
25 35 78
28 34 79
5 15 25
41 28 11
31 36 44
17 16 93
31 23 93
4 10 12
5 39 43

24 24
61 51 16 52 31 69 15 47 24 31 32 28 84 98 79 80 12 47 56 28 46 98 65 49
4 9 28
4 21 71
18 1 40
23 4 42
7 17 61
2 11 38
3 19 27
2 5 65
12 21 59
7 10 89
8 6 51
24 10 34
11 5 43
4 2 42
14 13 94
23 7 18
9 15 80
9 1 50
16 14 64
15 22 83
7 14 48
7 8 65
23 20 98
8 3 38

41 58
41 94 32 92 44 77 18 83 97 76 32 45 49 29 55 46 61 50 92 86 44 58 20 24 88 60 40 72 47 33 79 72 33 38 65 71 24 82 92 15 29
35 3 86
18 5 72
25 23 65
26 4 28
9 16 56
8 27 39
12 18 38
36 22 59
34 37 46
14 37 42
19 26 72
26 29 61
3 39 99
4 29 57
34 21 82
8 38 39
17 14 99
35 33 31
40 17 83
28 1 18
25 6 77
30 20 98
20 33 12
12 11 36
11 7 24
40 14 81
41 7 57
40 37 20
12 36 64
32 34 81
1 30 89
10 21 42
39 23 30
25 8 74
39 33 12
34 24 95
35 39 12
9 15 72
35 20 59
23 12 48
34 4 23
2 41 36
16 15 66
36 31 24
23 6 54
20 39 22
2 11 62
2 7 19
3 20 82
27 38 36
15 13 69
17 37 36
6 9 79
19 29 11
41 11 99
3 33 19
12 34 96
19 4 87

26 38
68 22 25 98 28 30 77 11 52 82 80 31 81 58 21 76 20 42 30 65 20 87 68 30 38 10
17 15 81
24 9 46
10 25 20
16 2 16
18 11 54
21 4 30
1 21 72
10 23 16
21 10 57
20 9 51
2 6 30
14 13 20
8 21 56
19 21 24
1 19 21
10 24 83
10 18 78
8 1 39
24 20 42
1 4 26
7 17 31
8 4 90
26 13 86
3 17 72
15 16 88
7 12 53
3 12 26
8 19 40
7 3 51
6 26 86
19 4 67
12 17 80
12 15 81
22 25 79
13 8 16
7 15 31
3 15 43
26 5 99

20 21
63 69 46 49 41 70 16 67 95 17 43 90 59 96 12 30 34 63 42 34
20 11 59
3 2 53
9 19 75
1 11 72
2 4 37
13 8 75
3 4 21
13 15 19
10 8 11
16 19 64
7 6 25
16 12 86
9 10 77
18 5 29
10 20 92
9 14 18
10 3 11
9 7 56
20 17 13
5 9 76
15 8 58

21 25
90 94 39 73 82 48 64 18 67 75 95 26 76 38 59 26 15 59 48 82 33
4 8 14
13 1 59
9 12 97
5 1 19
10 21 86
11 15 10
12 2 48
18 4 27
15 19 45
14 3 34
9 2 47
5 13 44
10 16 20
6 1 10
13 7 78
10 12 58
18 20 84
3 19 23
10 6 56
8 10 47
5 6 77
8 15 74
14 19 25
13 6 82
21 17 24

38 46
30 38 70 68 52 92 60 21 50 84 39 64 27 49 95 49 79 37 40 98 76 85 81 33 24 95 24 90 57 49 92 32 58 35 55 44 21 61
9 3 65
2 20 39
18 27 55
21 36 60
5 26 84
5 15 71
35 6 79
23 24 70
17 11 36
35 31 90
21 5 48
23 25 59
22 13 32
36 7 61
16 17 56
10 38 60
30 22 90
31 33 66
18 12 73
14 9 61
31 18 84
34 8 78
10 7 12
28 2 59
35 33 58
28 25 28
16 31 30
4 2 40
4 19 36
23 8 99
30 13 62
36 5 45
19 36 73
32 14 88
30 26 30
1 20 63
9 4 52
35 16 81
16 33 62
22 26 86
26 13 50
36 29 83
14 3 16
7 38 81
19 31 64
23 37 27

42 61
74 59 78 17 29 80 38 17 84 55 41 54 95 34 87 77 94 70 69 58 25 37 14 81 46 35 58 88 21 43 56 50 23 54 52 37 56 99 84 85 42 65
21 28 15
23 10 68
21 32 73
6 32 52
11 22 12
26 5 84
13 15 58
32 28 67
30 9 41
1 21 25
15 9 93
20 14 58
37 27 86
42 7 18
40 29 51
34 31 38
14 39 32
6 7 52
16 35 86
1 28 30
30 26 48
16 38 16
21 25 36
30 36 46
26 34 59
1 32 10
6 4 35
26 40 84
32 25 84
3 22 35
24 2 92
1 25 63
3 7 82
36 18 76
22 42 71
16 17 64
17 38 95
9 36 43
3 42 16
35 38 14
30 6 73
14 19 20
22 2 94
18 14 38
12 10 73
26 41 37
20 8 35
25 28 76
33 8 52
18 20 11
22 7 86
35 17 49
3 11 57
7 23 35
42 37 43
20 19 14
11 7 43
3 16 47
23 12 42
18 19 83
11 42 76

43 65
48 51 57 71 70 80 39 41 31 31 45 71 49 65 16 31 44 69 50 22 48 28 11 29 35 56 57 11 97 72 25 27 90 59 54 54 65 81 66 63 46 64 47
2 13 55
25 26 21
23 26 15
7 33 50
24 10 96
35 28 62
10 1 25
25 33 56
23 5 58
42 17 20
5 40 40
40 37 51
29 39 40
11 13 93
20 30 26
25 42 28
3 30 34
3 33 90
42 29 72
27 10 10
2 29 51
32 30 71
6 41 40
34 31 73
27 24 27
34 8 81
31 8 59
7 35 24
9 24 48
4 21 89
23 31 80
2 11 74
20 32 23
3 35 13
29 13 74
9 10 46
40 38 77
17 19 32
33 35 44
3 16 10
38 37 63
24 1 49
15 43 89
7 3 78
5 12 64
21 14 14
9 27 94
26 41 71
39 13 86
42 36 28
25 9 63
18 32 28
4 14 13
29 11 94
42 15 90
15 22 92
39 11 95
2 39 80
33 21 13
9 1 61
20 18 44
27 1 88
22 43 34
26 5 67
18 30 60

25 33
22 51 74 38 21 72 81 89 79 37 80 38 33 41 34 57 45 31 75 41 71 61 23 34 51
11 5 28
25 16 37
10 22 52
6 2 12
2 23 17
6 23 24
22 13 98
19 2 83
17 24 98
12 11 83
20 14 87
11 25 62
12 14 23
6 19 44
12 24 40
20 7 56
19 23 51
8 20 33
24 3 96
12 4 83
9 21 26
18 15 54
13 16 37
10 13 95
6 12 91
7 14 70
8 7 35
10 16 93
24 21 41
22 16 75
17 15 49
8 14 70
1 5 61

11 14
76 36 95 14 90 55 26 46 78 26 46
1 3 95
8 5 36
4 1 76
3 2 54
11 8 83
6 7 89
4 2 63
6 2 83
10 6 70
9 7 92
1 2 32
6 5 99
11 5 96
4 3 97

41 61
38 90 57 77 23 58 89 58 42 53 58 14 45 69 98 67 43 63 69 22 37 99 33 58 85 92 23 20 82 51 87 79 14 47 54 97 45 17 43 23 78
38 21 56
25 27 15
33 29 80
40 12 59
40 28 73
15 36 65
24 22 15
28 34 72
6 17 85
24 19 69
16 33 89
4 32 31
30 39 77
12 8 35
37 12 12
37 6 42
23 13 87
13 40 32
25 32 50
37 7 89
41 22 16
4 34 55
41 19 64
10 36 65
7 31 23
5 13 66
2 33 65
14 15 19
39 21 65
27 32 99
25 34 48
7 33 50
35 14 29
7 1 83
40 20 58
2 29 14
8 11 81
38 39 92
13 18 76
5 3 74
6 24 38
30 21 20
23 18 61
35 15 23
4 25 97
37 8 52
16 29 93
31 38 33
34 27 81
16 2 68
22 19 33
4 27 81
34 32 77
36 3 28
31 30 68
7 26 43
31 21 86
24 41 20
30 38 53
9 20 94
31 39 91

24 29
79 55 51 48 47 70 82 51 65 41 58 63 76 27 67 64 96 25 38 63 27 36 71 94
23 1 83
12 9 74
16 2 40
22 13 41
11 2 80
11 5 84
16 13 16
3 22 93
5 17 42
3 13 15
5 12 30
4 11 59
8 1 26
4 15 99
12 7 90
9 24 43
11 21 66
19 14 55
19 6 74
10 22 60
14 6 21
17 19 86
2 23 61
10 3 63
24 20 70
15 18 53
23 8 93
7 9 66
10 13 23

20 26
19 51 73 74 99 23 18 85 79 62 82 59 59 88 44 32 45 19 94 22
17 8 24
18 12 99
8 6 79
15 3 89
5 1 21
14 10 96
8 20 82
4 12 73
20 6 17
5 11 67
9 12 41
5 7 69
13 11 72
4 18 43
17 20 78
10 5 37
16 2 81
16 20 12
7 1 76
9 3 39
17 6 65
1 19 10
13 9 66
5 19 22
13 16 74
7 19 47

11 11
18 55 30 10 89 90 34 84 45 95 28
8 10 91
4 9 64
7 3 93
3 5 50
8 2 85
9 7 37
7 8 22
7 11 17
7 6 44
10 2 53
1 9 80

50 79
56 53 44 16 36 24 67 58 35 58 75 90 97 71 14 49 41 17 57 60 40 55 57 70 43 14 60 15 97 22 72 85 96 60 68 96 77 40 71 90 33 89 17 14 61 70 86 55 79 14
10 21 62
25 41 90
39 44 46
5 21 44
20 41 86
31 8 31
34 46 14
38 35 56
32 42 36
11 23 66
5 3 31
36 44 86
2 7 33
6 45 44
23 49 67
45 32 53
50 24 82
14 1 95
1 29 60
25 20 23
7 23 86
40 27 65
9 15 54
14 29 80
7 47 98
18 27 65
13 46 14
31 30 26
21 3 58
30 18 15
10 3 86
2 12 56
36 9 97
33 42 19
5 37 42
3 37 85
38 23 94
15 44 49
47 26 71
12 50 97
10 37 61
39 9 70
35 11 96
8 20 26
9 29 12
38 11 30
36 39 51
23 15 19
13 34 92
45 42 79
48 7 58
43 19 30
2 48 24
2 43 29
48 12 54
36 15 32
2 50 39
35 23 20
5 10 43
47 28 31
18 40 74
45 33 16
30 10 30
8 46 28
39 15 73
44 30 91
21 37 13
26 28 26
9 44 13
16 4 50
9 22 99
32 33 47
4 17 89
7 12 85
48 50 41
22 6 48
8 30 24
7 50 21
35 16 84

40 58
51 97 74 31 96 42 36 46 46 55 77 40 54 14 82 51 84 51 96 51 74 24 98 12 67 50 98 40 61 94 84 83 35 16 82 59 90 69 88 68
3 1 56
12 38 25
10 9 76
16 24 51
3 40 62
29 10 55
5 19 13
38 29 53
9 32 47
18 17 33
36 3 76
5 22 57
16 37 54
31 20 86
39 23 45
36 28 16
11 34 39
36 31 14
40 25 11
18 11 75
19 4 38
15 2 57
15 8 21
5 35 60
16 39 12
38 3 48
12 3 44
12 40 86
12 14 19
2 27 83
35 4 97
22 19 23
21 20 24
31 6 54
18 34 67
34 30 53
12 29 45
22 35 31
11 17 73
31 17 35
17 34 17
27 8 35
31 8 24
17 22 76
5 4 61
37 13 80
38 40 89
33 7 88
29 40 40
10 32 89
3 29 99
24 7 71
22 4 15
36 24 51
19 35 34
15 27 10
2 8 93
26 28 24

44 57
82 48 63 97 10 50 91 13 10 12 44 95 19 39 83 35 54 61 13 19 78 65 65 83 76 63 51 56 57 18 44 67 90 55 21 41 74 72 87 83 99 25 14 83
40 8 72
37 8 37
15 4 33
42 33 44
12 43 51
39 9 60
19 13 16
15 26 96
16 22 90
22 27 69
26 31 85
38 14 98
14 44 87
2 3 49
28 35 74
38 12 37
42 24 80
2 42 99
26 4 99
37 14 19
16 44 22
31 6 92
8 25 37
37 23 39
15 1 47
44 42 62
37 15 41
41 36 22
16 14 70
29 30 53
20 13 87
1 26 29
7 41 86
40 25 64
24 21 66
18 30 74
39 25 37
5 17 70
4 35 75
39 40 37
31 10 74
35 32 94
1 4 45
23 7 62
9 40 86
11 3 15
35 30 84
38 5 95
39 8 76
34 33 79
9 8 80
28 20 32
18 29 20
38 44 97
9 25 75
16 38 10
19 20 43

25 34
71 42 71 22 99 59 71 58 64 76 47 61 40 86 29 28 99 96 62 65 78 36 21 93 98
16 23 34
10 8 51
2 19 24
15 3 42
1 3 26
14 4 70
12 24 96
25 11 10
17 6 91
16 7 30
18 8 75
4 6 89
7 9 94
14 6 58
1 21 60
23 19 95
10 18 32
2 22 91
7 11 34
15 13 35
16 6 78
8 15 92
19 22 50
2 23 83
23 22 32
25 5 97
11 5 72
10 7 85
17 4 82
12 9 38
14 17 38
24 9 14
3 21 78
13 20 61

13 12
54 55 23 99 64 45 49 33 26 29 47 53 77
5 8 91
8 1 18
6 1 54
10 11 77
6 4 78
6 12 14
1 13 99
7 10 76
10 5 48
5 2 59
1 3 63
9 2 33

15 18
81 77 47 95 53 69 81 32 74 94 86 59 17 55 99
13 14 45
13 5 29
12 9 61
2 10 68
7 12 58
6 1 94
4 12 28
8 6 77
7 4 45
2 11 62
1 3 59
4 9 64
8 15 60
6 2 40
7 9 76
8 4 42
8 5 16
14 5 51

49 62
70 47 41 47 61 52 29 50 88 90 74 62 97 71 64 63 13 16 95 41 75 77 82 33 22 10 91 27 68 87 21 71 45 36 84 10 94 45 77 53 42 17 14 87 17 53 94 62 94
3 47 27
31 39 82
48 16 98
35 22 75
19 18 62
41 2 76
35 15 13
27 46 79
47 36 19
9 45 45
36 10 40
32 44 94
3 36 62
3 10 25
35 4 71
17 16 66
5 4 85
9 23 24
34 30 51
49 9 52
29 23 50
49 7 12
31 6 43
48 17 70
7 34 46
7 27 39
43 12 76
42 2 59
33 19 42
36 40 26
6 28 69
21 12 44
15 13 30
19 31 62
4 14 45
33 26 84
23 40 90
5 14 23
41 11 84
40 10 76
34 21 30
35 38 73
3 40 51
42 27 88
44 26 29
13 20 14
11 2 65
33 31 46
26 37 77
27 25 72
32 26 41
9 35 75
48 30 29
18 1 68
8 22 32
15 20 87
47 40 49
30 17 26
45 24 57
30 16 39
47 10 20
9 33 16

28 34
50 77 30 69 64 91 52 18 48 17 65 37 57 35 29 39 58 72 77 91 92 84 73 36 51 58 42 82
28 16 19
19 23 98
19 21 99
28 22 93
12 18 53
23 15 37
13 18 77
11 7 36
28 1 94
12 7 46
25 6 21
14 5 58
10 22 79
8 3 63
20 22 98
12 2 73
21 15 80
28 23 72
12 3 48
13 20 47
25 9 30
22 16 75
11 24 13
21 23 22
10 28 33
27 5 34
7 4 49
10 16 80
6 9 99
24 17 88
16 25 85
19 15 63
16 26 93
13 14 46

25 32
87 95 57 51 62 13 30 67 67 43 10 93 36 88 87 91 77 94 97 67 42 24 66 43 67
18 23 27
1 5 82
10 20 54
17 22 82
17 1 33
1 22 95
6 16 98
13 3 30
19 20 74
15 11 73
8 4 35
2 17 97
6 7 79
21 25 11
2 22 64
2 1 43
10 6 27
8 9 14
10 15 68
2 5 33
21 14 18
15 18 51
12 25 95
6 13 25
4 9 65
5 22 13
11 24 43
6 25 89
19 8 22
12 21 58
17 5 81
11 17 39

21 21
22 61 94 54 77 29 15 69 95 46 72 82 28 86 76 69 92 58 15 26 16
4 13 53
4 16 52
10 17 22
18 12 56
15 8 47
1 7 46
20 12 64
18 5 53
14 8 95
7 2 76
18 6 91
4 15 99
7 21 12
4 2 30
7 11 11
6 9 48
18 10 54
11 3 89
21 19 52
7 18 76
15 14 74

14 22
33 45 69 34 55 53 66 62 36 68 71 20 63 40
10 8 56
8 6 76
9 8 34
1 5 15
5 12 80
14 5 51
3 12 59
9 2 96
1 14 58
14 12 51
11 4 11
5 3 84
9 4 57
9 7 81
8 13 41
10 6 18
6 13 63
11 1 80
1 3 88
1 12 60
10 13 80
14 3 53

37 49
83 87 59 61 40 77 18 96 91 58 18 18 49 40 47 62 10 97 97 92 87 22 48 66 83 74 65 39 29 35 85 19 23 84 30 19 77
32 12 44
8 30 44
8 17 84
9 33 77
8 3 23
10 33 74
14 2 22
29 2 60
20 34 33
34 10 38
23 8 51
14 27 26
5 32 60
20 16 73
31 4 17
14 29 98
7 6 68
25 10 95
17 3 23
20 19 48
23 30 97
20 21 98
14 35 55
25 9 52
14 11 12
17 30 48
25 34 96
37 26 64
5 11 45
14 19 18
18 13 67
1 15 61
1 31 28
1 26 78
35 30 55
35 36 98
11 18 80
9 10 69
36 28 17
25 33 11
23 17 10
9 34 80
11 22 39
34 33 17
3 30 14
23 3 59
1 27 87
19 6 79
24 21 53

47 63
54 99 40 97 54 27 68 24 13 38 31 46 16 55 85 80 82 50 65 63 82 76 87 68 29 90 89 92 36 10 21 39 87 56 42 14 70 75 93 52 19 83 16 49 88 79 13
42 30 38
21 25 99
16 3 86
2 18 78
9 6 97
41 8 63
46 5 14
9 29 38
6 47 92
19 6 30
29 16 33
37 1 13
45 30 16
7 20 25
9 3 40
42 12 98
19 18 39
22 37 68
38 33 36
40 41 83
29 3 55
35 31 86
17 8 15
45 42 11
11 27 42
35 11 55
2 25 54
4 20 96
21 18 35
20 39 97
29 1 87
12 30 91
9 35 76
36 40 65
19 38 54
41 17 29
34 26 89
19 47 95
9 32 13
14 15 58
45 12 95
34 13 79
46 30 25
47 44 80
3 4 50
9 16 39
28 14 58
9 1 62
43 5 22
19 23 51
40 24 87
18 25 55
4 7 13
1 3 27
16 1 28
2 21 55
28 15 69
20 40 81
34 32 53
40 14 20
40 10 31
46 43 62
4 46 98

39 58
38 70 89 28 83 20 57 32 51 70 77 79 64 93 35 45 87 84 62 47 93 78 13 84 91 23 11 99 53 50 83 34 51 63 32 89 56 41 26
36 34 95
35 4 68
29 16 27
11 14 83
33 13 24
33 38 36
33 1 26
22 13 46
24 4 16
7 3 20
22 12 10
11 9 74
28 15 77
39 16 81
16 19 12
23 34 68
28 8 45
15 8 71
17 9 87
29 37 77
10 38 59
33 10 14
31 4 59
35 10 27
11 34 31
12 25 66
24 35 82
13 20 44
23 26 66
33 27 58
27 38 57
16 32 60
5 19 43
26 34 21
5 14 65
37 31 39
37 21 42
31 35 10
11 17 85
10 27 53
14 9 15
32 3 80
23 36 38
30 6 59
13 12 70
32 15 87
20 25 42
39 32 79
13 25 80
18 21 59
17 14 50
22 25 86
22 20 65
20 12 20
8 2 26
24 31 94
36 26 19
28 30 43

12 18
53 57 48 48 20 29 29 30 90 90 33 71
5 3 38
1 2 68
12 9 73
12 3 80
4 12 11
4 9 63
2 6 95
7 12 74
5 11 34
7 9 17
2 9 53
3 11 71
10 6 14
11 8 21
2 10 21
1 6 50
1 10 86
4 7 19

47 67
39 50 40 41 40 62 28 50 96 90 94 11 11 38 24 99 43 45 18 56 47 21 92 62 15 54 36 86 98 64 84 98 37 54 10 20 17 41 54 15 59 26 39 57 91 92 17
14 11 34
39 33 38
45 34 75
4 47 64
23 9 27
26 40 69
19 14 42
43 42 23
8 7 33
19 6 13
43 24 67
22 8 78
45 4 17
3 15 22
26 7 45
33 16 15
34 20 15
6 4 93
47 2 59
37 17 32
8 17 83
2 25 86
44 12 63
23 16 17
34 21 93
39 9 58
31 42 30
33 9 70
27 46 73
18 46 56
5 31 62
12 24 72
44 24 19
1 40 87
39 23 56
6 14 32
7 40 30
27 18 12
10 41 75
15 32 92
39 16 84
34 18 84
3 32 18
5 42 67
43 31 70
5 43 91
7 1 78
4 22 10
43 29 41
28 46 91
6 11 99
33 23 81
28 18 96
19 11 88
29 13 82
21 30 94
45 38 50
31 35 85
9 16 78
32 43 96
4 38 30
26 1 89
34 10 43
21 39 65
38 15 38
8 36 77
28 27 23

45 51
89 78 38 89 38 75 78 72 80 82 53 89 40 68 71 21 25 78 15 10 93 94 18 60 19 50 52 25 35 78 15 49 43 92 23 57 95 48 47 95 46 19 47 55 86
1 22 69
17 3 13
43 17 34
2 24 18
16 37 34
23 40 47
16 9 33
19 32 20
25 13 27
35 37 23
34 6 58
40 42 12
25 20 46
2 31 29
11 33 38
5 39 40
27 34 65
8 44 31
41 13 79
38 18 37
18 30 92
32 23 34
14 25 25
16 35 69
2 4 33
32 40 69
10 11 46
10 33 80
38 30 14
5 27 98
37 9 19
17 36 48
28 4 20
24 29 26
20 19 96
24 33 19
19 15 55
41 2 21
26 14 10
24 12 26
20 27 36
35 9 44
29 45 60
31 1 29
31 44 43
36 16 54
36 26 10
43 3 66
19 7 90
27 38 82
14 21 72

23 30
82 72 86 16 56 52 83 35 75 68 56 65 75 88 98 51 57 52 19 64 69 64 18
17 3 60
20 2 44
21 5 81
19 20 41
4 22 50
17 14 57
8 12 58
23 12 76
20 21 74
8 13 54
9 21 67
8 23 59
13 18 68
14 11 96
6 10 65
11 10 82
15 13 46
16 19 42
13 12 15
6 11 49
17 1 65
3 14 44
15 17 14
15 12 33
8 22 73
15 8 79
23 13 85
1 7 55
15 23 25
20 12 72

22 28
18 86 58 85 60 67 13 80 24 44 15 83 41 39 64 26 85 43 69 10 96 79
5 1 41
4 19 10
4 6 20
12 15 94
19 6 90
12 9 96
22 11 76
9 22 24
22 16 99
21 2 94
11 18 25
9 8 78
20 18 23
11 14 35
20 11 66
21 1 38
17 7 69
8 10 56
13 3 80
21 3 73
4 16 14
22 20 25
16 6 53
22 18 58
21 13 54
9 13 96
16 19 19
11 17 98

35 51
84 12 97 40 38 23 51 81 62 81 49 15 60 86 66 74 17 67 69 16 98 32 39 89 86 75 72 86 80 87 34 38 59 95 56
6 16 70
16 32 33
34 8 71
4 1 36
28 19 17
28 9 43
29 7 68
13 10 13
16 22 60
3 27 15
25 33 25
11 9 14
26 33 76
19 9 88
29 20 22
11 19 16
32 12 97
22 25 11
25 14 60
17 10 91
23 30 21
6 21 54
34 15 26
5 19 29
15 24 62
11 28 98
17 32 99
3 8 85
5 9 41
4 8 45
18 1 95
7 20 53
17 13 10
2 21 64
16 14 70
8 11 52
13 32 11
5 11 56
35 20 74
8 23 11
22 14 34
10 32 94
10 12 13
5 28 94
35 31 26
16 25 66
6 35 53
17 12 34
6 4 34
3 34 73
13 12 22

17 29
30 68 49 40 41 79 39 30 82 79 33 40 32 84 36 79 30
10 8 70
2 14 23
11 15 22
12 15 61
9 7 34
4 8 77
6 16 26
14 7 18
14 12 39
11 13 80
5 3 12
6 7 32
2 17 97
1 3 49
1 8 24
5 1 25
9 6 35
17 14 95
4 5 21
5 8 57
4 3 10
13 15 47
6 10 15
9 10 39
12 11 28
12 13 63
4 1 79
10 7 70
8 3 34

13 13
62 60 81 89 25 81 59 43 56 57 52 96 48
11 9 33
5 11 12
2 10 73
7 12 10
7 2 86
13 1 42
5 9 80
11 8 26
7 11 68
7 13 15
12 3 25
6 1 25
11 4 23

39 53
19 97 28 56 71 89 63 46 12 53 32 92 46 35 63 26 89 34 48 36 84 87 55 21 29 85 95 83 23 95 60 78 49 44 49 89 78 79 70
22 34 17
22 13 74
8 26 85
23 6 24
37 21 45
27 28 44
36 14 15
26 11 82
4 32 49
25 3 19
39 24 60
24 20 73
2 9 41
3 30 77
39 20 55
33 26 74
31 11 52
24 35 28
31 26 71
10 25 11
23 1 20
8 11 90
16 28 31
31 8 54
16 27 63
14 5 45
33 11 43
33 8 45
25 23 53
37 5 74
15 38 43
6 22 94
12 21 20
7 17 40
25 27 10
37 12 24
4 15 57
14 19 54
28 18 55
33 31 88
10 36 30
10 20 80
19 4 86
27 18 65
19 2 72
5 12 29
5 21 45
29 1 26
39 17 20
20 33 63
13 34 71
25 6 75
16 18 35

44 62
74 44 16 97 21 43 21 17 21 66 84 47 91 98 65 48 87 19 97 71 67 29 76 97 62 80 87 11 26 89 75 37 91 12 22 39 95 16 83 18 23 14 55 75
10 6 81
1 35 21
27 29 42
41 13 66
40 24 41
26 4 53
37 39 46
17 32 81
13 44 29
20 11 72
41 38 56
8 6 75
10 8 28
23 25 62
24 15 77
2 16 38
13 34 46
33 26 27
17 26 77
20 25 76
12 15 91
11 36 63
29 40 23
25 36 79
11 25 47
21 20 57
44 19 53
43 7 74
33 4 63
29 5 82
3 17 13
20 36 26
14 1 49
17 4 16
17 33 16
40 22 41
2 30 12
12 24 81
18 27 20
23 11 58
27 9 47
40 42 80
5 21 87
26 32 74
28 2 30
14 22 10
28 30 50
14 35 98
18 16 20
40 3 29
22 35 97
32 4 96
3 37 71
27 31 31
41 34 19
23 20 98
22 1 18
41 8 95
5 13 91
23 36 31
21 43 84
33 32 47

40 57
43 61 78 28 63 37 64 24 87 89 31 57 19 18 93 60 35 95 25 32 40 92 66 55 14 93 29 60 62 56 26 30 99 56 49 66 18 80 90 73
4 10 74
3 11 17
23 26 29
36 39 36
36 14 21
39 38 67
20 9 81
9 7 91
7 27 71
29 13 50
34 18 20
14 30 29
7 8 66
12 31 39
32 18 15
33 36 35
26 10 53
30 26 69
40 28 72
37 7 39
15 19 66
1 12 70
33 6 92
23 10 33
9 8 16
3 19 71
13 2 13
24 18 92
29 2 15
5 28 48
34 24 71
22 2 43
34 32 25
39 12 13
17 12 34
3 33 32
25 35 73
32 24 69
4 26 92
29 20 70
23 4 74
36 6 36
16 11 72
21 31 86
1 17 43
27 8 70
20 13 80
33 28 15
37 8 36
40 34 12
9 27 95
20 2 72
5 40 46
33 25 16
9 37 63
39 22 79
37 27 84

18 29
76 17 21 82 56 45 72 33 83 88 80 52 90 83 48 39 35 37
17 14 85
7 15 46
9 16 84
3 8 53
17 8 34
9 10 97
3 14 47
5 8 96
5 14 94
6 10 22
16 1 37
6 9 94
16 10 91
4 2 96
3 2 15
8 14 38
15 18 66
6 16 59
13 12 24
2 13 76
1 10 18
9 1 16
9 8 83
13 11 80
17 5 89
6 1 85
18 10 79
5 3 79
17 3 65

48 65
74 58 51 88 49 75 85 72 35 84 37 22 17 85 90 62 89 51 86 34 46 95 53 96 77 49 77 87 17 52 89 16 15 96 58 77 40 57 27 31 80 51 88 70 56 16 41 33
31 11 50
21 22 18
44 25 39
38 5 73
48 23 27
32 30 22
15 41 80
7 39 37
43 46 45
20 11 79
35 16 81
29 26 14
40 24 35
6 2 72
13 18 56
41 39 86
4 38 15
13 33 94
45 28 58
8 47 15
2 40 83
16 46 73
19 15 26
10 36 34
6 40 34
18 33 58
18 22 78
2 24 21
23 17 95
12 27 81
48 45 63
8 3 46
4 43 35
38 46 98
37 9 83
17 45 40
48 28 11
43 38 77
39 35 68
17 28 40
43 34 12
8 27 74
23 28 93
4 46 73
25 36 27
47 9 84
8 14 55
16 10 31
13 22 20
23 45 81
29 17 98
16 20 16
30 34 29
46 47 82
32 34 51
44 36 47
20 1 81
48 17 20
16 21 46
46 40 32
27 42 68
6 24 99
12 42 98
29 21 64
33 22 14

41 57
84 30 26 85 44 22 92 95 38 52 52 16 94 96 94 90 86 81 16 55 44 11 77 39 92 55 53 10 32 87 31 65 91 73 77 71 54 31 12 63 82
36 35 70
2 26 59
7 12 70
8 26 48
35 11 14
27 10 27
2 37 50
10 40 80
22 14 64
29 26 80
32 24 28
2 13 59
9 33 28
4 6 25
39 30 30
10 2 94
18 5 72
41 24 53
37 17 85
27 41 91
11 12 29
30 25 96
32 14 58
39 31 79
23 16 38
4 3 27
32 28 94
2 35 35
20 30 16
8 2 10
8 29 70
11 7 72
18 34 35
4 39 76
35 12 61
22 28 46
26 38 48
27 24 41
15 21 53
35 7 91
25 1 84
33 34 63
15 19 60
36 11 40
8 13 35
15 10 60
31 23 68
5 34 15
26 13 93
29 13 39
34 4 48
32 22 78
36 7 99
1 22 71
29 2 67
36 12 40
28 14 49

27 37
85 42 24 83 86 89 16 38 60 72 18 50 48 19 38 28 10 64 81 23 62 33 76 54 95 76 71
15 7 38
20 25 16
8 22 18
26 19 11
23 26 24
23 6 32
12 15 65
3 16 24
5 6 62
12 7 22
5 17 65
15 14 44
8 24 53
24 22 91
12 26 16
23 5 28
11 27 52
17 13 91
1 2 42
20 10 89
17 11 14
23 2 94
20 18 24
19 9 52
18 22 46
21 7 15
25 19 74
26 6 16
24 18 55
3 4 90
4 16 45
26 5 63
23 3 56
8 18 92
15 21 10
20 19 30
12 21 85

17 19
77 89 15 29 48 97 13 68 56 27 82 73 81 77 52 85 74
11 13 82
15 6 96
14 8 79
8 13 49
7 1 42
7 9 90
15 17 55
3 9 45
12 2 26
14 10 24
6 17 11
11 8 33
6 14 52
12 3 64
12 5 92
17 16 51
17 12 23
9 1 28
3 4 99

15 18
15 60 94 26 22 68 60 40 68 18 99 89 31 54 51
10 14 62
6 5 55
10 4 36
14 3 92
9 6 79
2 9 23
1 5 83
13 3 72
7 5 44
11 14 15
6 1 78
14 15 12
11 12 19
7 1 61
4 9 86
8 10 63
8 4 90
6 7 25

44 53
48 42 12 76 75 96 32 24 29 26 85 35 28 29 75 39 23 63 45 92 75 15 35 58 88 45 35 65 27 60 90 42 76 44 82 32 57 26 23 58 20 73 82 98
21 14 64
15 26 35
13 37 70
3 31 89
43 14 23
7 31 40
18 12 90
29 2 22
39 17 71
20 38 79
23 8 94
38 10 61
37 8 48
17 28 46
16 36 30
13 23 96
27 39 22
14 32 36
30 28 30
41 22 39
7 15 59
9 6 49
9 44 32
9 39 93
31 26 58
20 1 48
13 8 24
15 31 61
15 8 38
27 36 67
7 26 90
21 32 47
11 6 30
42 10 39
11 3 20
27 17 43
6 29 85
34 5 87
38 1 37
19 11 79
34 25 47
40 3 65
6 34 51
2 4 27
33 35 21
44 6 61
43 29 50
3 41 85
40 33 52
23 37 76
5 24 75
30 18 96
3 1 37

50 62
94 28 68 97 67 30 36 76 93 25 57 67 43 71 93 39 29 98 68 14 21 81 51 12 54 69 91 33 94 94 66 74 57 12 36 95 33 33 83 60 17 91 25 64 30 50 69 47 61 32
22 43 83
22 24 91
17 16 75
28 50 72
27 9 36
32 11 68
35 27 34
49 9 82
21 5 60
39 42 98
44 34 93
27 31 24
30 7 46
36 18 98
32 17 16
9 15 85
46 36 72
7 23 27
49 15 92
49 33 11
10 17 92
47 14 79
4 3 69
4 29 39
1 22 13
23 6 92
9 33 14
11 47 61
28 45 23
40 4 87
17 28 78
7 6 39
1 19 17
19 30 13
22 21 46
39 46 86
10 32 76
17 27 67
46 38 67
10 16 99
5 44 78
4 20 25
35 37 90
39 25 86
36 13 35
8 39 55
8 43 52
17 11 83
33 15 76
5 34 77
22 19 43
46 13 76
48 18 68
47 2 76
37 26 39
12 14 20
32 16 66
16 11 65
41 3 43
43 10 73
10 11 59
47 40 84

30 42
87 76 89 60 14 13 82 10 22 83 36 41 53 44 72 35 22 29 39 86 83 86 15 10 38 28 35 78 52 60
1 9 86
29 24 76
29 19 48
12 28 61
8 5 74
30 16 40
4 21 92
16 5 24
10 18 87
15 27 44
3 2 16
20 26 41
13 23 46
26 18 76
16 6 98
30 25 45
30 8 49
4 2 70
19 3 38
16 25 40
11 24 47
1 30 31
15 21 45
29 28 40
11 17 62
19 24 54
15 2 96
21 2 34
25 5 12
2 22 44
20 13 92
14 18 88
14 10 97
8 25 71
29 20 24
24 3 80
4 15 85
24 1 12
21 7 73
30 5 87
29 3 72
8 16 36

28 35
22 28 27 82 12 97 40 85 71 91 46 97 41 23 35 24 88 46 25 57 22 95 24 23 58 35 46 59
7 23 25
18 22 84
9 1 22
19 14 65
14 10 51
28 4 50
11 22 82
2 23 93
3 6 34
5 10 37
6 8 35
22 20 49
17 27 24
7 12 17
1 27 44
16 26 67
2 7 72
24 7 30
3 8 16
15 12 18
23 9 62
17 1 69
24 25 71
13 15 28
6 24 13
24 22 24
11 18 73
24 16 52
9 27 25
21 25 22
8 5 46
19 10 59
13 12 65
17 9 81
23 4 47

18 19
55 20 58 34 29 88 86 19 32 71 18 25 98 66 60 18 90 73
4 15 44
10 13 42
4 1 96
6 7 15
12 8 60
4 13 64
5 2 69
3 14 33
6 11 40
18 6 82
1 18 43
13 5 59
3 16 25
14 16 91
18 14 70
2 9 86
10 12 97
16 17 85
4 5 47

31 39
51 68 41 34 38 72 99 69 58 15 10 29 45 52 37 49 33 53 82 68 71 52 15 92 33 61 94 12 65 87 35
24 30 53
14 28 14
29 18 15
27 26 47
2 27 39
22 18 76
24 1 25
11 22 24
29 22 69
3 20 59
11 25 15
15 8 48
31 4 78
25 9 10
10 1 24
2 26 58
7 12 13
21 5 49
19 16 95
11 4 78
14 7 61
21 7 38
27 21 99
23 16 45
2 11 78
3 4 76
20 4 55
10 24 72
19 5 69
5 8 44
20 31 65
30 1 35
5 10 15
25 17 44
3 31 79
13 17 86
6 16 87
23 6 99
10 30 45

14 20
93 96 79 16 17 41 96 44 87 83 62 26 24 87
9 13 96
11 6 59
7 2 39
3 1 17
7 10 64
2 6 81
3 4 61
11 10 62
10 2 15
13 14 87
4 8 91
7 6 56
11 7 11
5 4 38
11 2 44
3 5 44
10 6 71
5 9 10
12 1 80
3 2 60

17 21
78 78 38 27 90 67 88 85 69 32 18 13 71 70 82 61 16
2 11 35
16 8 99
14 7 48
9 10 53
11 16 94
9 7 95
15 1 86
2 6 69
15 10 46
10 14 43
11 6 30
12 5 59
9 14 40
4 13 68
11 3 92
3 13 94
10 7 60
17 2 51
2 1 16
4 3 39
17 5 85

42 55
15 49 18 82 18 37 43 13 35 77 77 40 41 90 17 44 59 64 13 23 86 96 94 99 43 45 44 10 85 18 30 19 69 49 59 56 61 58 38 62 27 72
1 28 59
11 2 64
19 21 97
23 26 97
6 37 28
13 41 18
18 22 40
15 33 73
35 29 28
21 12 23
22 17 90
10 13 63
23 38 44
28 14 48
3 39 28
8 33 45
1 14 31
8 15 42
6 31 37
21 3 73
10 41 42
37 10 81
32 20 27
23 4 52
35 24 48
18 3 13
15 17 52
22 1 76
21 7 98
27 5 83
6 20 79
16 39 43
32 34 86
23 41 61
13 23 66
20 34 41
25 5 30
31 30 68
11 24 94
41 26 37
25 27 71
3 22 37
10 23 92
10 26 74
13 26 44
41 42 38
13 9 79
8 17 92
11 40 30
33 17 58
35 5 34
42 36 25
21 37 21
24 19 40
35 19 56

25 37
10 28 60 12 90 35 85 85 24 47 11 78 30 52 60 88 35 98 25 63 40 24 27 50 13
4 16 34
3 15 28
15 4 33
14 7 70
18 5 53
18 15 98
17 15 12
22 20 11
25 10 52
22 6 53
6 1 12
12 23 17
8 18 68
17 18 85
5 9 47
6 24 75
20 10 63
18 22 63
8 3 47
11 6 98
11 22 56
23 5 95
2 7 52
13 1 68
25 20 36
19 16 30
17 3 30
18 3 65
19 4 38
24 21 47
8 15 20
14 2 65
12 9 66
23 9 76
12 5 52
8 17 90
3 7 57

14 20
28 32 29 65 34 85 60 86 68 91 63 48 19 14
13 1 59
13 2 25
7 13 97
9 12 72
6 7 72
11 8 33
9 5 14
9 3 15
5 12 91
13 9 49
10 13 79
14 12 39
12 3 68
2 8 73
5 3 40
4 6 60
14 3 29
9 14 31
10 1 86
5 14 53

14 16
40 61 10 57 76 57 96 66 79 42 21 79 88 69
5 9 96
11 5 61
14 13 34
3 9 79
14 1 28
11 4 51
2 6 97
7 10 12
7 14 92
9 8 71
14 5 77
4 12 47
14 10 79
10 5 86
4 2 70
7 5 29

11 13
29 68 98 93 62 43 75 86 79 30 25
4 8 37
4 2 54
6 3 64
6 8 38
7 1 69
10 7 74
9 10 80
10 5 66
2 8 91
9 8 86
10 11 51
4 9 42
9 2 14

49 62
66 57 56 93 35 44 52 67 38 85 22 32 88 42 52 42 39 96 37 24 10 70 16 68 71 89 46 81 98 79 81 25 76 43 89 73 56 79 38 21 12 53 73 61 17 59 24 70 27
7 4 14
44 3 75
43 37 84
39 49 87
1 9 70
18 37 37
11 39 97
19 14 53
30 12 90
23 32 67
44 8 63
7 31 42
11 41 83
4 31 66
36 31 70
20 34 18
4 36 40
41 10 48
18 20 92
48 27 39
33 26 41
24 26 13
18 5 60
16 32 78
38 10 94
22 35 88
43 1 29
18 6 64
28 25 47
2 12 37
44 46 89
5 43 23
3 12 25
21 14 54
38 41 56
42 44 64
39 45 19
18 43 48
16 23 36
46 19 39
21 19 96
5 37 22
46 48 70
24 33 23
7 36 35
2 30 14
21 13 55
8 37 57
49 45 87
40 6 23
12 26 10
30 35 65
8 15 22
11 29 48
2 23 75
3 11 13
11 47 67
8 25 93
19 13 33
17 27 91
13 14 69
48 36 28

35 51
30 35 75 42 20 79 37 41 82 17 66 23 86 20 97 57 18 80 77 85 70 67 44 10 32 79 16 26 63 34 23 79 29 45 46
22 18 23
28 30 78
7 24 47
2 5 57
4 31 31
4 32 37
28 21 37
27 10 38
34 8 57
25 29 76
20 33 58
25 19 77
24 29 45
31 20 41
21 27 61
25 24 24
11 34 30
28 18 56
17 9 53
12 32 36
19 29 73
22 5 81
23 16 25
19 24 26
32 11 71
21 30 75
6 17 34
13 3 64
1 15 40
25 7 78
16 8 96
23 8 74
9 1 25
10 13 23
35 22 94
18 21 37
7 29 90
6 9 38
23 11 54
23 34 29
18 30 83
11 16 85
12 26 26
18 12 45
29 35 47
19 7 65
18 14 61
16 34 97
28 17 53
11 8 74
31 33 33

32 47
65 35 42 28 29 38 36 28 81 15 69 53 47 61 64 60 49 74 27 88 86 53 74 79 93 15 64 86 79 13 86 56
30 7 62
1 31 47
14 19 81
10 11 83
17 16 54
10 16 91
15 16 72
16 1 71
9 21 87
5 8 70
20 25 74
24 16 61
18 28 49
29 13 50
15 2 14
4 3 80
22 13 26
1 13 52
22 29 80
6 8 15
9 19 46
11 8 93
9 10 60
2 23 90
1 22 89
32 26 46
1 29 29
17 4 25
11 6 13
15 24 17
5 6 24
12 27 51
10 28 93
17 15 69
4 16 92
18 30 71
31 22 42
32 18 11
31 13 95
5 11 75
31 29 87
21 20 71
17 24 97
15 4 22
9 28 15
15 27 85
24 4 96

44 57
51 31 29 46 50 37 75 53 53 45 97 13 31 31 61 58 69 69 96 83 99 99 77 49 46 94 19 78 81 40 81 27 52 89 81 39 90 35 31 15 11 71 36 35
26 36 81
19 2 68
4 31 83
15 30 85
34 9 35
22 41 88
28 5 43
16 6 24
41 29 23
16 41 77
8 31 19
10 13 46
33 34 68
8 42 42
33 9 36
17 24 32
12 26 15
23 17 56
36 37 48
36 3 77
26 28 27
4 25 22
40 43 75
24 15 69
10 27 74
44 38 68
17 30 25
8 39 59
42 32 90
16 22 55
44 5 54
24 30 80
23 13 94
23 15 21
12 23 28
17 15 59
18 37 95
35 14 12
7 3 79
23 24 95
25 11 34
14 8 39
8 4 85
8 25 46
43 38 40
40 38 83
27 13 14
23 30 22
20 11 86
8 2 18
12 22 11
12 14 57
35 21 36
16 33 15
39 1 74
25 31 82
36 18 53

40 50
55 94 83 52 43 22 38 49 84 65 67 61 54 97 14 69 67 72 43 27 64 10 95 70 38 87 92 37 14 40 85 99 52 64 76 64 67 82 24 28
40 36 22
31 15 70
22 39 22
18 13 76
2 20 69
30 26 65
19 11 14
16 12 14
35 38 18
40 10 63
4 29 73
8 14 30
40 2 83
3 32 30
34 4 42
3 19 54
31 3 31
27 7 32
22 37 41
9 13 66
32 17 20
9 1 92
36 14 67
4 15 53
34 29 49
34 40 98
22 21 40
35 6 30
12 21 19
1 13 30
31 27 58
34 18 50
22 6 65
31 26 51
3 11 38
25 21 64
6 38 48
18 1 86
10 24 85
28 36 87
18 9 46
23 5 17
20 23 64
16 21 29
16 25 52
15 37 24
20 5 37
7 33 28
25 12 46
27 33 24

23 28
43 27 24 62 97 87 76 22 82 22 32 37 91 30 13 63 65 24 65 89 38 80 94
21 8 30
18 7 58
23 15 72
6 5 12
3 16 82
21 1 42
9 16 43
13 1 41
11 16 77
23 12 16
16 22 19
16 23 55
13 2 36
14 20 79
9 18 46
4 16 16
13 14 27
3 4 32
9 4 43
18 19 52
9 1 83
21 13 52
12 15 18
13 10 41
9 3 57
11 17 83
7 19 10
5 11 24

47 63
24 34 58 57 68 61 89 26 47 84 76 15 31 82 15 95 50 62 26 88 34 10 38 48 53 23 31 87 74 65 39 17 39 42 38 89 60 80 66 92 82 49 32 42 44 18 85
24 20 35
3 32 25
9 45 94
37 9 49
36 1 81
13 21 13
27 22 73
13 17 61
18 15 75
14 34 31
42 12 44
5 24 51
22 2 89
5 7 51
26 39 69
47 20 94
44 16 40
41 3 11
9 25 48
6 42 78
25 28 52
31 23 87
47 23 52
42 36 29
25 44 82
2 9 60
11 27 38
10 17 71
23 20 88
38 17 53
38 39 64
31 47 11
2 33 91
6 40 85
38 8 85
7 41 85
8 29 31
27 36 47
46 11 13
4 30 18
31 24 36
47 24 48
43 5 55
2 5 56
18 12 77
14 19 88
38 30 77
40 36 91
10 21 27
6 36 32
17 21 96
28 16 27
5 14 39
25 16 77
44 28 98
40 42 74
10 13 30
31 20 53
35 7 59
41 32 20
2 38 96
24 23 38
37 45 12

21 31
96 66 49 65 16 32 19 66 22 65 40 70 10 48 54 85 93 93 23 95 50
16 7 43
12 7 64
17 5 60
19 4 64
4 21 95
11 16 17
14 13 42
6 15 94
2 8 18
1 3 27
15 16 90
17 12 25
15 11 60
15 13 38
6 11 95
4 20 23
20 18 14
6 13 52
10 2 37
4 10 22
17 7 65
20 9 14
13 11 93
5 7 69
10 8 48
19 14 98
9 18 45
12 5 39
4 1 46
13 16 93
6 16 54

44 59
68 94 76 84 79 71 33 96 57 81 49 81 72 81 45 14 34 54 76 96 94 19 84 75 88 11 36 14 82 12 51 55 29 66 93 36 66 36 52 32 13 51 18 13
18 37 89
20 9 80
22 27 82
3 40 17
16 6 49
28 2 98
6 8 60
8 39 29
36 5 87
21 16 91
16 39 60
21 26 78
18 43 85
43 37 37
24 21 70
22 17 69
14 23 59
7 3 82
11 38 99
2 14 78
25 35 86
30 1 74
28 14 57
38 3 89
36 26 67
12 11 27
22 10 82
7 19 83
9 34 13
15 35 15
21 30 69
4 34 66
42 25 99
38 44 71
18 13 50
38 33 41
40 37 53
2 23 97
44 31 21
41 32 20
6 39 36
15 25 45
37 13 50
19 3 82
7 40 17
43 13 90
38 23 47
5 26 37
28 23 36
9 12 65
15 42 67
19 40 27
29 33 36
16 8 17
12 22 37
42 35 78
22 41 22
30 25 75
9 24 53

47 59
76 84 25 25 13 26 66 72 73 28 18 60 81 93 50 13 13 96 31 16 93 52 20 97 71 28 24 30 91 75 20 61 85 62 52 84 50 30 67 24 40 10 40 85 35 44 20
18 46 19
13 46 21
2 11 62
6 21 24
8 25 51
12 20 41
15 17 17
40 33 13
1 34 98
47 7 97
44 3 53
27 43 92
8 11 61
32 11 23
4 17 88
6 28 13
22 6 69
4 34 80
19 16 25
12 47 90
9 41 54
32 25 89
39 1 70
32 8 87
30 5 90
41 13 40
11 25 27
15 33 46
14 22 43
4 45 59
20 7 65
32 2 45
8 29 13
39 34 17
6 5 94
12 7 73
8 2 39
22 37 88
9 10 35
42 36 34
29 4 16
14 9 56
36 14 93
40 17 22
20 47 98
32 3 37
17 33 31
23 36 30
26 21 32
4 43 25
14 35 53
37 24 27
28 31 81
37 19 79
14 20 92
36 32 67
15 40 30
2 25 60
42 38 33

47 72
95 90 10 26 30 70 48 52 88 23 24 10 55 68 29 60 31 73 31 25 81 86 99 46 15 43 32 11 24 57 84 50 60 78 14 73 56 86 42 83 76 89 68 95 96 63 37
6 14 77
24 3 29
23 37 81
45 22 31
5 47 97
11 19 60
31 11 50
25 46 29
34 31 54
42 6 83
23 24 63
13 1 79
23 8 89
36 20 75
46 13 41
23 41 34
7 23 38
38 31 19
46 39 69
10 34 46
41 20 34
35 10 67
2 36 30
18 27 33
6 26 15
9 15 59
43 47 57
33 19 11
10 31 61
32 8 66
2 20 81
42 47 61
30 1 16
42 43 96
4 28 16
36 41 11
31 5 64
25 39 30
17 4 20
2 41 66
15 30 82
35 31 65
18 40 50
35 34 27
44 11 60
25 13 16
46 1 63
21 4 64
30 38 79
29 22 94
34 21 32
40 27 44
39 1 81
25 1 70
42 5 32
11 27 61
7 34 13
17 28 27
21 28 28
6 22 47
21 17 72
33 16 55
5 43 21
35 7 24
15 38 17
39 13 66
24 12 88
3 12 28
7 31 41
29 45 36
7 10 13
19 16 15

27 35
16 92 70 63 40 13 30 87 11 54 37 16 10 89 66 44 60 73 97 55 92 54 39 78 49 11 72
14 16 11
22 16 39
18 11 71
20 13 10
8 5 28
17 26 60
18 23 43
17 13 70
21 5 44
26 13 65
25 11 69
3 21 12
4 20 45
3 5 75
7 25 80
13 14 91
7 11 61
4 1 79
10 26 83
26 2 27
8 3 69
10 17 84
18 9 82
6 21 21
10 12 15
1 19 73
14 22 87
10 13 24
1 15 13
1 20 89
17 27 44
15 6 74
4 18 14
8 21 17
18 24 65

11 12
44 28 14 44 28 89 19 86 65 29 23
7 1 97
7 4 59
7 2 99
3 9 50
6 1 28
3 10 98
10 11 98
10 5 17
8 6 48
4 2 63
3 7 50
8 1 52

45 59
78 21 97 73 33 47 40 58 84 87 56 43 12 70 22 30 42 85 56 73 81 76 65 13 90 41 58 25 59 10 49 20 99 72 68 71 30 73 13 94 53 64 39 39 86
16 1 91
3 12 69
7 27 88
43 8 47
16 41 45
27 45 55
33 23 63
35 44 19
6 40 56
29 31 17
43 9 99
37 26 60
1 41 94
11 41 32
11 16 96
4 10 96
7 45 41
3 19 87
21 32 14
21 36 85
20 32 47
10 6 28
38 5 22
43 13 22
15 13 21
37 2 89
28 24 89
21 20 95
16 34 35
33 22 52
4 21 95
2 26 43
11 34 17
34 1 96
8 9 80
11 1 88
36 44 81
13 9 46
29 37 49
42 18 26
8 13 68
25 3 77
14 15 11
22 23 44
17 15 12
32 7 42
4 30 57
34 41 31
18 11 78
18 39 61
19 12 51
36 35 68
4 31 56
25 24 61
25 14 16
15 4 84
14 38 79
31 33 32
19 18 52

37 59
95 16 96 12 12 73 44 10 42 89 94 67 62 98 51 29 50 43 84 14 87 24 12 97 93 56 60 51 26 71 38 80 84 55 85 84 94
19 29 62
16 33 95
24 17 35
1 8 22
16 27 37
10 20 16
15 35 98
36 11 67
5 7 50
32 10 14
32 14 81
15 24 35
3 19 48
32 13 44
20 13 86
19 31 81
27 33 58
26 23 58
4 2 28
16 4 85
26 28 19
25 19 77
13 14 68
20 14 28
9 27 16
12 1 30
12 22 66
3 31 78
15 17 52
24 35 27
23 28 18
25 34 76
4 27 25
10 14 63
28 37 86
17 35 34
9 33 37
16 9 83
6 22 85
23 29 67
26 29 20
18 30 74
12 36 52
9 4 19
27 5 32
26 37 57
2 21 35
4 33 25
32 20 22
6 34 69
31 14 20
29 37 10
12 24 20
28 29 75
34 9 65
6 25 21
3 30 80
23 37 67
10 13 96

50 62
10 81 81 84 25 26 73 18 82 80 52 79 16 21 15 88 84 55 78 58 59 44 95 76 41 23 45 55 75 33 84 65 50 41 97 63 54 50 51 45 86 53 50 11 83 31 52 35 49 52
43 18 76
10 24 41
11 46 11
22 38 67
39 19 68
9 11 99
30 5 22
36 35 31
25 32 21
36 22 67
17 19 28
11 23 81
9 40 45
45 7 56
4 32 74
44 16 97
47 18 84
11 25 56
22 8 58
23 17 66
40 18 26
4 34 82
9 21 20
28 29 76
50 29 14
45 33 59
22 21 39
5 10 80
46 2 10
7 33 22
42 12 85
46 16 46
1 8 31
28 50 79
35 20 25
44 27 62
47 40 74
26 27 18
48 2 62
43 40 89
18 3 22
44 46 91
44 49 51
21 11 14
39 17 10
8 41 59
9 25 80
15 26 42
14 13 69
4 14 47
13 31 15
3 37 16
22 30 43
15 27 98
46 42 28
14 31 92
38 45 33
21 25 58
23 6 59
38 29 92
47 43 21
5 24 46

49 65
35 30 68 66 77 60 19 75 94 41 55 10 50 76 55 80 51 71 40 49 21 53 86 96 84 68 37 44 77 95 18 51 68 70 51 82 28 44 39 83 18 40 17 34 90 83 32 98 82
28 46 28
8 3 28
40 8 96
26 36 65
48 4 57
7 34 65
42 48 30
2 16 94
23 14 20
37 32 57
40 3 55
39 27 11
38 28 98
2 38 15
34 46 52
11 47 68
11 26 96
44 18 80
27 9 80
28 29 65
3 13 74
12 21 77
12 6 25
42 24 28
11 36 36
9 36 69
14 42 56
44 22 87
11 2 21
47 36 31
38 31 43
12 5 62
28 37 96
22 35 76
25 17 65
26 23 35
19 15 75
49 10 50
42 13 25
38 16 97
34 41 75
11 43 47
43 25 96
37 20 49
2 31 60
33 10 50
28 33 47
16 30 24
39 9 39
40 13 28
16 31 99
29 15 45
8 13 41
32 20 54
33 49 16
7 41 50
47 18 89
7 46 17
1 23 64
47 26 19
42 45 62
1 12 72
29 19 45
46 41 17
1 14 60

41 58
46 43 10 99 39 45 95 84 69 15 85 28 24 57 70 77 33 47 76 73 72 58 75 72 11 71 41 65 31 13 18 65 33 37 29 19 11 83 31 95 65
37 28 28
22 14 63
16 6 24
27 3 43
32 26 31
24 33 95
40 9 79
29 23 86
7 21 91
40 17 94
31 4 66
18 6 23
33 11 68
23 34 39
21 15 44
29 34 53
40 20 22
31 27 30
18 30 74
24 11 50
8 34 16
15 19 13
31 3 86
5 35 51
9 17 73
35 39 86
12 13 18
6 30 70
25 34 34
16 2 90
29 8 17
37 35 95
32 10 97
24 41 45
20 9 58
26 36 97
10 26 37
2 17 98
4 3 13
8 23 33
41 11 42
14 1 82
4 27 18
10 14 31
22 1 73
18 32 49
28 12 76
32 28 73
20 17 78
33 41 86
10 36 30
32 36 49
32 25 46
7 38 55
21 3 70
25 24 60
5 39 34
2 7 82

45 58
79 91 44 32 50 59 26 84 79 43 92 74 59 75 65 27 36 18 71 86 19 38 91 97 90 95 32 54 35 53 82 68 88 44 99 94 92 12 98 49 76 68 73 92 31
30 7 87
4 15 39
24 36 46
1 22 29
40 30 89
30 45 83
42 27 48
8 18 94
40 37 30
19 18 91
37 7 94
8 32 72
40 7 77
9 26 31
16 35 66
9 13 45
33 44 28
32 18 10
8 21 35
20 17 79
28 15 93
43 20 18
30 37 99
32 19 50
30 24 42
2 34 56
17 10 72
39 4 19
44 43 67
37 38 81
20 40 99
12 27 86
10 22 40
13 25 78
39 15 77
13 26 91
8 19 46
20 26 61
42 9 72
10 5 91
24 34 80
10 29 92
41 25 93
21 18 54
20 28 58
21 32 12
45 35 40
45 3 86
27 6 97
28 31 37
24 23 66
12 6 39
28 19 43
42 26 45
11 29 61
21 19 65
14 31 62
42 13 82

46 55
36 25 12 69 34 11 84 93 75 82 59 69 25 26 85 91 15 44 19 93 88 87 17 23 25 88 62 78 27 71 60 59 45 52 60 16 62 71 87 46 12 34 25 76 44 92
12 7 48
31 13 90
26 20 99
46 32 88
23 30 15
6 14 70
21 23 50
15 43 11
39 25 48
8 44 79
38 28 66
8 40 73
4 15 99
33 30 32
40 34 83
16 37 55
33 23 36
26 35 26
9 42 98
28 13 54
17 37 46
39 43 16
24 4 93
38 29 58
46 11 38
5 14 91
21 33 82
10 22 51
31 1 31
28 24 99
33 22 45
6 5 49
9 19 23
4 42 65
27 20 62
39 12 64
40 44 16
21 45 71
8 34 17
22 6 68
23 3 73
24 35 37
45 40 93
15 11 53
26 41 86
30 18 17
16 17 40
38 33 86
1 13 87
34 44 72
15 16 92
21 30 28
39 2 96
18 36 22
15 46 72

41 57
32 72 41 17 52 28 56 58 80 96 24 74 96 14 63 68 40 29 99 58 24 82 34 60 26 85 32 70 45 82 34 11 85 46 43 95 14 28 85 16 34
10 7 57
3 22 32
4 16 46
31 14 55
22 39 40
8 21 24
10 8 70
35 39 74
29 25 94
16 25 78
31 2 62
35 37 56
38 23 48
34 20 46
13 1 96
5 9 67
12 30 97
29 16 45
22 41 90
23 33 25
13 2 50
10 40 62
20 6 52
9 36 20
24 21 27
32 9 16
3 11 12
9 34 46
35 22 57
10 24 60
13 11 14
3 19 92
1 10 48
2 14 63
19 18 76
24 40 29
35 17 97
13 3 33
3 1 60
38 30 58
38 19 65
27 5 56
15 28 36
34 6 89
24 8 32
37 28 31
5 13 69
10 21 71
8 40 36
22 37 12
39 37 11
40 21 90
4 25 70
29 4 55
11 1 91
38 29 74
36 26 35

30 34
13 68 85 50 58 26 72 57 42 61 10 58 47 86 92 82 49 46 87 99 17 15 90 37 11 52 97 97 93 23
16 27 47
18 23 36
3 24 90
22 2 26
18 12 74
9 19 64
10 27 50
6 14 79
26 17 48
15 5 86
21 29 92
15 4 88
17 3 67
21 24 18
7 25 86
22 24 29
17 5 18
5 14 82
1 4 93
5 9 60
21 2 87
20 7 79
11 19 13
3 20 96
9 11 27
24 2 22
5 28 50
3 16 57
13 12 29
21 22 78
29 30 73
8 28 34
3 18 93
10 16 49

23 26
74 11 78 77 87 90 61 89 21 20 96 50 49 90 80 84 53 77 82 48 55 97 69
3 23 62
14 20 47
11 4 69
12 1 13
21 16 32
9 4 64
7 6 19
2 22 43
13 1 90
9 3 48
3 10 59
19 14 76
7 9 79
15 18 73
8 6 46
12 23 61
5 19 87
17 22 20
12 13 68
19 16 44
13 23 73
7 8 15
9 15 94
17 15 41
9 19 83
1 23 71

31 47
66 31 88 30 48 16 88 92 40 99 47 21 54 13 93 56 65 45 53 69 67 92 16 63 26 38 50 95 28 55 29
12 21 12
31 6 62
8 22 98
25 5 87
7 25 50
23 19 92
7 26 10
5 12 35
6 28 30
8 23 88
31 1 11
22 19 39
22 13 28
7 5 44
8 19 35
6 2 61
21 3 47
21 18 88
10 18 12
31 2 29
31 28 33
24 14 11
17 21 10
13 11 38
27 26 52
9 2 85
29 3 14
31 9 70
12 3 57
17 3 12
17 29 32
16 15 99
12 17 37
8 14 41
22 23 33
5 22 89
12 29 19
28 2 14
9 28 49
4 11 12
17 20 67
6 9 15
12 16 97
26 28 73
29 30 24
13 4 33
21 29 52

16 25
92 83 95 32 36 18 83 20 55 78 19 64 55 81 46 97
9 10 25
13 4 92
11 3 13
1 12 44
1 5 78
8 7 59
8 10 99
3 13 75
15 5 67
16 7 26
4 1 65
2 12 61
1 15 19
12 5 82
2 5 63
10 13 45
11 13 13
2 15 72
11 14 23
8 9 66
1 2 96
11 4 53
3 4 98
12 15 72
10 6 52

47 59
39 22 72 53 69 40 55 63 38 99 68 80 75 10 19 40 60 33 51 43 39 55 14 93 62 16 69 40 68 65 14 93 52 45 43 66 94 88 62 37 69 48 97 22 48 79 90
21 26 13
13 14 81
29 17 35
6 2 92
25 16 32
31 30 17
9 15 79
4 2 84
31 46 97
1 43 96
45 21 96
28 8 82
41 3 40
8 40 29
41 39 61
30 18 73
23 28 99
23 45 80
19 10 52
26 34 18
19 4 80
24 3 63
14 16 23
19 33 57
15 4 91
27 24 47
1 5 95
41 44 92
10 7 47
31 41 77
47 30 62
18 36 73
1 28 30
27 3 94
28 40 16
23 40 94
23 8 80
29 11 25
20 36 93
45 8 74
33 4 39
29 46 32
12 43 62
37 2 67
38 43 43
25 14 33
13 1 24
6 37 76
35 22 30
45 28 56
30 42 58
15 13 49
21 34 89
18 20 53
12 38 21
47 22 56
15 31 47
45 40 97
4 32 93

11 16
61 61 60 53 22 18 97 97 41 77 10
2 8 92
5 2 71
8 7 36
4 5 97
6 9 20
6 8 84
4 8 77
4 6 57
6 1 32
6 2 15
7 11 65
11 3 76
5 8 10
5 6 91
7 10 27
4 2 46

37 44
15 39 38 35 50 85 34 14 76 50 63 78 57 69 78 43 78 93 96 29 50 62 46 25 74 43 36 40 99 82 59 21 73 81 46 60 22
4 35 99
16 10 42
8 6 62
2 17 46
17 36 51
17 33 70
13 18 13
16 17 17
4 11 14
4 14 24
37 15 29
30 16 66
20 30 14
14 35 53
15 23 66
24 37 46
16 1 34
26 7 62
14 11 39
31 25 20
3 20 42
16 24 88
17 35 91
12 34 95
1 12 28
15 26 93
15 19 45
11 35 75
32 27 16
3 30 67
21 5 54
34 9 67
1 8 46
29 9 35
30 32 21
12 9 26
2 36 46
10 13 29
23 28 68
3 5 97
29 34 26
8 22 27
12 29 83
8 25 99

41 65
97 95 29 58 85 53 13 23 73 11 12 82 64 56 47 66 95 26 46 29 15 49 94 28 70 80 74 19 24 18 87 84 20 29 21 34 54 26 33 88 23
2 1 57
41 35 75
18 6 69
9 27 22
12 26 57
11 17 88
7 8 99
2 17 61
35 21 87
41 36 14
17 19 87
12 23 31
29 3 71
11 10 70
28 3 17
13 10 66
23 40 23
33 37 64
27 25 93
27 24 26
26 6 45
13 19 41
32 40 36
12 33 34
15 8 56
15 7 66
22 32 83
13 17 39
22 20 94
20 32 84
20 23 35
36 7 51
23 32 40
10 19 62
28 39 63
28 5 61
15 36 85
30 14 68
35 16 12
20 40 35
11 13 36
22 40 25
41 12 98
10 17 57
22 23 97
21 4 15
5 3 12
9 35 27
25 31 35
27 34 19
24 25 99
18 26 44
36 8 99
29 2 49
29 9 94
5 39 40
12 18 20
3 39 23
11 19 98
25 34 45
12 6 80
24 34 76
4 38 75
1 14 15
21 38 69

11 18
76 92 72 41 51 73 77 29 56 65 93
1 11 43
8 11 23
8 1 42
6 5 61
6 10 65
2 7 89
3 2 31
3 7 64
1 4 56
4 3 60
9 7 69
4 2 63
11 6 77
4 9 71
5 10 61
3 9 63
2 9 90
4 7 87

15 18
61 79 97 37 61 12 99 65 92 44 86 59 97 39 69
13 3 66
11 4 16
1 15 91
11 2 90
11 9 44
12 10 21
4 12 96
8 3 71
1 7 77
2 9 17
12 13 42
4 9 23
13 6 78
4 2 98
14 12 45
15 7 85
12 1 38
10 5 74

20 26
35 27 63 30 33 95 85 77 65 27 69 78 46 34 59 90 34 42 36 71
15 19 39
18 5 60
7 3 27
6 2 18
1 3 25
5 4 23
19 18 40
16 6 92
5 13 12
16 13 56
1 7 98
10 18 81
13 6 81
13 2 71
2 20 47
1 9 76
11 17 35
16 20 90
10 7 69
17 14 87
6 20 16
13 20 19
16 2 63
9 8 67
5 12 84
7 11 22

25 30
94 70 61 63 44 67 13 12 88 14 57 42 47 25 39 40 22 73 39 54 71 83 61 53 14
17 20 49
10 16 46
4 3 44
19 4 69
8 24 73
18 5 98
18 22 90
17 16 79
10 13 30
2 1 90
9 4 23
17 15 58
20 1 85
9 8 70
8 4 13
23 21 30
7 11 15
10 14 37
19 8 44
8 11 23
6 15 93
8 25 10
12 22 57
20 2 51
12 23 58
22 5 81
14 16 21
6 12 24
6 9 36
19 9 13

14 16
73 32 64 23 20 29 60 26 93 33 33 23 40 43
14 1 79
11 4 80
2 12 11
1 9 79
11 8 68
3 9 93
8 4 78
4 13 66
2 7 12
2 1 15
10 5 24
7 6 74
2 10 15
8 13 20
1 11 18
11 13 28

46 56
98 34 70 23 64 89 82 79 45 54 60 14 34 80 26 16 23 34 67 90 48 20 18 19 59 12 52 81 57 38 89 61 56 60 98 44 99 95 73 54 91 40 73 18 79 16
9 41 66
4 17 78
27 11 61
16 24 33
14 12 53
22 43 61
32 11 14
15 46 30
5 40 98
26 43 41
44 5 28
13 7 94
38 2 84
4 14 35
11 6 95
19 2 76
28 36 66
33 1 51
8 31 58
36 18 84
33 7 79
1 46 56
36 29 94
37 22 99
27 32 34
38 41 16
20 6 81
33 34 47
7 24 46
7 35 72
11 20 55
16 23 77
32 20 80
14 8 10
4 38 82
8 12 47
41 21 80
23 24 41
46 45 98
37 43 41
26 31 49
39 42 57
46 39 76
2 10 42
19 44 72
38 28 89
34 1 59
30 10 96
36 32 53
17 1 97
32 6 21
2 44 22
36 3 69
27 6 88
18 25 54
27 20 93

14 16
48 48 35 28 92 57 17 19 44 66 75 33 52 64
6 5 95
8 3 38
12 7 13
13 14 12
13 8 26
6 10 48
9 3 13
5 11 54
7 2 53
5 10 96
7 1 54
1 6 27
12 14 37
2 4 90
8 14 70
12 1 63

50 67
71 45 28 54 19 21 26 19 61 43 73 94 41 22 82 89 31 71 38 50 39 51 77 86 77 34 68 94 19 43 62 36 36 33 61 53 24 15 44 25 14 72 96 89 84 30 46 72 82 80
23 39 89
46 36 78
23 13 90
20 47 56
38 27 47
42 14 50
15 18 21
50 12 95
48 5 64
32 41 71
23 47 87
37 8 44
29 17 41
47 36 49
39 20 38
27 32 94
4 34 31
13 39 65
6 31 60
13 47 80
15 28 94
50 15 83
2 12 89
9 40 79
48 1 21
27 12 80
33 24 94
16 48 66
11 48 52
32 20 18
2 11 24
2 25 28
37 7 54
25 37 58
30 43 68
22 34 85
49 5 94
45 33 19
11 12 68
39 47 93
44 6 13
30 27 89
21 28 34
35 48 79
35 26 10
22 36 43
43 19 33
4 46 62
10 3 87
32 42 95
13 20 72
46 34 55
23 20 47
4 36 68
25 40 93
1 29 96
41 6 67
2 50 41
22 46 79
27 24 99
45 24 98
22 4 41
34 36 22
1 17 76
23 10 85
35 16 78
11 50 74

13 21
47 18 21 84 70 93 12 96 38 53 99 74 71
3 13 18
10 12 23
9 12 67
10 7 98
6 11 84
9 10 55
8 5 28
4 5 67
3 6 59
6 2 63
7 12 71
1 10 78
9 7 39
3 11 47
1 9 16
2 7 58
2 11 85
1 7 71
3 2 56
8 6 73
1 12 40

42 55
94 27 64 84 25 43 23 48 16 51 59 26 65 76 49 66 15 11 69 65 14 11 77 37 26 42 12 60 18 18 72 39 38 42 43 35 95 79 16 78 87 56
12 1 70
40 32 57
9 34 82
15 9 16
24 4 83
23 7 88
30 7 35
31 33 57
12 8 47
30 24 30
8 26 50
42 5 18
7 37 39
15 36 64
38 31 87
10 35 45
15 19 64
11 17 36
38 33 23
9 19 78
38 1 52
16 11 69
30 37 82
25 41 32
19 34 55
4 29 82
15 34 47
33 1 10
20 3 24
22 32 70
10 5 22
34 14 20
40 39 18
18 26 37
39 16 70
20 25 24
24 7 82
36 28 44
40 22 62
25 2 84
3 27 58
25 40 93
32 39 84
12 41 32
24 37 93
41 6 70
31 1 72
35 13 24
25 3 32
27 34 95
22 39 42
30 21 41
27 10 43
41 8 79
23 2 94

17 23
63 59 13 46 84 81 77 59 85 59 35 47 87 21 99 69 63
6 16 58
10 8 56
8 13 84
4 15 91
12 6 73
5 7 57
7 3 17
10 17 95
2 7 57
9 3 66
5 2 65
2 9 60
5 9 79
16 7 44
14 1 71
12 16 34
17 12 57
11 1 85
14 4 96
5 3 53
2 3 46
7 11 26
7 9 22
