49.950 61.810 2.730
41.100 89.800 2.710
47.290 71.210 14.970
47.580 69.370 18.620
78.830 9.240 1.510
98.280 33.720 1.110
40.330 90.550 2.910
84.830 70.380 19.760
45.730 84.330 4.550
71.660 82.220 19.700
86.400 75.180 24.300
25.920 53.780 4.000
71.890 70.350 34.830
3.380 6.400 1.680
57.350 51.750 22.680
8.140 89.310 3.590
79.410 90.870 32.080
20.600 74.970 0.550
5.770 63.030 2.110
77.740 90.490 2.290
97.380 51.410 18.570
82.900 64.110 5.620
91.130 5.120 0.360
7.430 7.360 2.990
80.950 86.900 37.330
57.330 20.670 1.700
58.580 42.220 12.130
24.510 39.070 10.290
59.460 45.220 19.880
60.250 89.460 12.440
23.780 42.320 0.530
0.520 34.200 0.150
90.880 48.510 4.830
16.940 9.770 1.940
75.510 33.110 11.690
95.920 11.550 3.470
41.200 53.970 0.640
99.800 54.510 16.650
60.020 7.870 1.210
39.030 27.400 3.420
28.340 56.240 10.740
48.850 77.470 10.610
54.200 64.670 22.920
82.390 61.160 29.550
76.680 0.620 0.100
38.450 46.530 9.370
83.910 65.890 20.190
53.330 88.880 10.240
29.830 40.180 0.470
85.610 90.230 40.070
44.210 21.010 10.350
42.560 78.070 20.370
13.580 35.380 0.100
26.750 13.600 4.140
14.180 20.410 3.160
77.620 55.600 19.840
47.530 16.540 5.740
82.140 2.160 0.880
66.850 49.810 1.680
19.550 24.430 9.520
42.290 38.660 3.590
9.600 11.680 4.090
33.900 24.240 11.430
96.620 63.130 10.760
72.190 95.290 0.120
42.830 63.810 4.720
55.550 12.750 0.110
80.830 91.020 11.580
13.660 46.850 5.510
29.780 9.380 2.930
64.060 74.100 23.810
89.080 56.760 14.240
9.190 6.910 2.930
55.810 52.660 25.910
66.600 13.990 3.490
95.120 78.770 1.060
83.950 57.580 2.400
30.130 71.720 4.990
58.720 31.590 14.760
63.040 62.530 17.050
27.530 93.440 5.610
0.610 9.570 0.130
55.800 22.120 8.300
28.380 91.150 0.360
31.100 68.170 2.340
16.430 11.470 5.580
57.780 65.130 20.230
9.240 31.790 0.680
8.680 97.060 1.770
98.200 27.750 6.490
17.210 95.390 8.470
4.190 99.850 0.740
29.440 99.510 10.050
4.420 81.510 1.610
79.020 13.580 3.680
98.410 83.080 23.720
82.580 13.340 2.890
88.720 29.910 0.770
75.630 9.140 0.050
42.640 97.250 14.380
18.190 96.490 1.070
26.340 23.430 8.090
75.640 8.460 1.490
7.080 30.570 3.060
96.740 6.100 1.020
70.330 75.420 30.220
15.210 88.660 6.620
73.300 26.270 10.090
63.610 1.290 0.170
57.810 18.330 1.760
49.770 72.920 8.810
55.780 3.160 0.170
70.350 9.420 1.950
75.750 0.330 0.130
69.970 37.980 1.260
85.100 72.570 22.230
39.350 90.300 15.020
27.060 53.280 1.140
33.480 80.700 0.710
7.820 19.480 1.120
4.470 98.950 1.060
17.850 65.170 0.660
70.540 36.900 15.260
47.130 64.720 5.590
55.100 8.680 2.820
96.940 69.790 30.720
12.110 54.390 0.240
8.690 92.420 3.770
70.990 68.230 33.390
34.730 91.950 6.570
36.930 64.430 14.570
20.480 2.780 0.570
44.060 37.800 2.090
39.800 89.460 16.670
12.450 77.730 2.090
49.460 90.530 12.480
14.230 10.370 2.480
7.070 2.430 0.360
28.170 5.070 0.610
47.880 43.810 9.440
40.600 81.600 6.740
42.700 96.090 1.030
28.440 84.310 0.490
4.500 56.340 1.080
60.710 37.140 14.280
42.180 8.860 4.280
92.970 48.050 13.940
35.680 73.400 9.650
67.490 46.400 19.240
3.920 87.260 1.230
51.660 69.960 3.270
55.860 17.360 1.560
65.890 44.100 0.330
98.030 52.240 3.220
78.850 52.390 12.040
54.680 42.240 19.310
25.650 27.150 1.200
25.000 41.910 4.520
45.420 79.310 4.510
33.550 63.710 16.040
21.900 26.100 2.380
24.360 99.140 10.470
16.150 28.650 0.210
76.050 34.690 15.250
17.130 40.310 7.430
33.670 27.400 7.470
14.480 66.010 5.600
16.310 67.570 0.340
68.000 78.070 22.480
3.590 47.570 1.480
86.290 48.290 0.770
40.680 37.940 13.770
69.900 5.170 0.390
63.440 1.110 0.200
27.960 53.540 13.750
3.590 91.540 1.620
66.780 44.540 14.410
93.790 44.220 15.820
88.390 7.260 3.090
80.000 51.410 8.140
99.220 61.180 26.240
6.450 8.220 0.800
95.890 14.350 5.910
14.520 70.120 5.900
46.600 83.190 1.250
69.450 45.920 20.490
86.670 87.890 13.740
91.030 93.660 37.840
22.140 89.030 10.230
83.730 22.230 3.590
63.080 52.270 9.580
95.120 14.200 4.920
66.090 11.140 1.730
27.980 49.130 10.720
29.770 66.940 7.940
92.870 80.660 34.830
10.070 84.000 4.060
18.230 13.760 2.090
9.550 35.670 3.380
49.860 59.140 20.080
75.350 11.260 5.290
59.070 47.600 0.950
17.570 78.320 1.560
92.000 40.010 4.040
25.940 60.890 10.580
60.880 9.990 2.260
69.090 78.730 11.420
63.780 36.480 2.930
98.860 5.920 0.550
51.290 32.360 4.220
62.270 68.330 11.640
18.160 19.020 8.330
42.830 52.070 7.440
35.700 54.540 11.930
96.270 23.730 4.880
97.080 2.230 0.680
73.460 98.880 27.580
56.590 38.440 9.730
31.970 17.700 2.940
70.030 73.680 4.700
45.960 55.600 20.540
14.220 59.460 5.750
88.430 16.940 1.200
4.410 41.900 1.950
77.430 80.720 1.410
24.500 28.740 1.760
81.000 65.090 22.600
84.480 68.170 31.600
17.610 15.820 0.760
21.330 54.040 1.790
33.550 36.860 1.450
52.840 57.710 21.460
81.310 8.570 4.080
53.760 13.340 3.840
79.620 27.020 1.670
59.210 79.760 1.980
46.880 28.350 6.900
52.160 96.090 5.320
48.690 30.170 11.350
8.450 5.200 1.090
5.180 67.160 1.370
82.470 5.400 1.190
30.120 37.290 6.460
43.480 88.310 14.300
78.200 48.230 13.930
45.780 31.410 10.800
62.080 51.760 4.890
3.760 61.710 0.430
2.900 17.870 0.940
13.080 64.920 5.960
39.470 11.650 5.220
31.060 58.540 14.920
8.350 6.320 2.030
99.990 7.370 2.080
42.970 86.900 12.490
20.220 44.930 1.220
47.870 13.330 4.410
1.920 59.380 0.220
16.590 91.190 3.620
78.020 94.120 38.310
16.110 39.950 5.190
28.840 28.920 5.060
85.590 95.900 21.050
58.270 86.370 8.940
55.030 13.900 0.470
74.040 34.250 7.090
51.730 23.220 1.710
43.110 57.600 9.470
87.590 62.040 30.770
25.180 54.920 9.490
24.510 93.300 5.130
36.420 37.180 1.190
77.260 67.040 26.950
52.790 82.110 25.940
65.050 42.880 20.310
43.480 69.380 17.510
5.980 54.450 2.330
45.730 34.140 15.000
23.200 1.360 0.280
93.090 52.550 13.200
20.400 66.610 0.250
12.320 52.860 2.910
58.600 14.800 6.550
58.300 25.800 6.900
27.970 52.590 1.290
72.430 30.230 3.550
94.900 18.170 6.740
38.490 88.440 9.380
72.020 12.880 6.180
68.530 24.740 5.680
96.540 95.190 9.820
38.800 56.250 16.500
51.530 44.900 16.020
34.430 68.400 9.650
27.030 30.940 1.520
59.250 2.900 0.530
52.450 95.200 18.450
45.200 3.710 0.510
92.590 93.620 36.620
72.550 12.190 5.070
6.070 7.390 1.290
3.010 97.320 0.910
23.770 34.780 7.250
83.500 5.840 1.910
35.250 83.420 14.060
39.900 45.670 11.500
96.090 70.510 32.660
58.640 28.660 11.590
14.710 4.630 1.320
46.460 24.150 9.300
92.410 53.050 14.500
50.930 25.150 2.710
46.410 66.670 22.720
16.700 56.000 7.020
99.500 32.740 6.380
66.250 34.340 3.620
95.050 65.650 8.070
70.010 89.200 9.110
80.340 28.030 6.260
49.270 56.820 19.980
73.060 32.850 11.330
35.350 54.850 14.790
86.870 27.610 13.760
99.160 31.680 10.030
3.270 24.710 1.110
76.350 89.600 9.940
47.450 35.360 13.880
65.410 54.550 2.320
47.200 5.650 0.970
73.620 68.670 19.240
40.150 78.800 3.720
21.810 31.160 5.380
53.170 73.480 1.780
39.130 60.590 10.790
38.330 93.790 12.500
2.180 41.350 0.060
83.800 2.560 0.850
17.550 39.500 6.400
46.470 12.050 1.030
74.580 99.070 10.050
62.530 81.330 30.230
43.540 46.700 20.760
28.840 48.160 5.720
91.750 66.830 1.360
25.250 85.310 0.390
52.890 68.310 22.000
2.380 58.630 0.560
11.440 50.430 5.610
30.700 1.380 0.250
43.950 83.250 15.910
7.840 6.500 3.200
5.120 26.090 1.740
23.520 94.720 5.860
32.780 89.320 9.120
37.790 97.080 9.290
64.520 43.970 1.290
74.300 65.130 12.790
5.510 8.920 0.320
57.580 91.780 12.230
70.460 44.300 19.330
8.900 98.740 1.980
40.420 79.170 8.300
88.550 23.740 8.210
43.300 59.720 7.870
50.610 18.910 3.050
79.840 62.440 6.860
67.880 67.290 2.830
78.120 41.570 17.860
1.880 54.510 0.040
55.740 95.100 1.980
95.550 30.730 12.310
59.820 73.720 15.580
11.620 81.100 5.660
56.990 26.600 9.410
66.450 54.660 14.430
2.020 85.850 0.160
87.100 65.490 29.600
67.820 89.560 27.200
20.930 17.450 7.860
89.030 47.360 0.310
90.740 42.340 5.580
70.790 12.180 5.340
26.060 12.140 4.400
11.040 60.010 0.380
27.910 5.940 0.510
94.520 55.330 20.140
68.960 87.220 9.360
3.430 29.010 1.570
29.280 99.640 5.630
98.030 46.950 5.790
5.170 80.040 0.220
91.390 65.210 21.660
98.830 89.590 37.700
18.480 62.680 2.240
16.680 36.070 5.480
82.140 75.160 31.460
9.640 4.540 0.670
22.470 24.370 6.100
18.320 83.770 2.690
73.060 46.630 13.500
39.910 32.830 13.060
66.520 47.150 19.620
78.830 6.840 2.930
29.390 96.260 3.190
48.200 48.170 3.660
84.960 86.800 5.610
95.820 94.260 25.120
43.790 55.800 16.630
85.870 57.940 10.360
79.150 71.040 0.350
9.990 20.540 3.110
39.280 30.700 15.260
0.960 57.040 0.260
93.340 57.600 11.930
58.170 49.330 8.000
94.450 91.510 40.440
52.140 66.650 16.330
92.260 53.860 9.600
15.000 90.100 7.180
57.110 78.310 2.780
29.380 94.000 6.470
85.560 92.450 19.030
18.690 56.300 6.650
79.380 91.580 0.290
13.000 77.710 3.410
6.780 15.590 2.840
66.730 30.210 14.390
5.920 19.600 0.790
54.160 74.120 8.120
60.140 76.990 2.460
63.870 81.350 17.390
78.310 32.520 11.530
4.870 25.840 0.770
76.320 27.900 8.140
17.350 44.500 1.570
46.790 58.630 18.300
22.540 85.380 7.920
5.850 78.280 0.170
59.630 29.480 3.910
7.160 36.400 1.680
76.610 1.870 0.920
68.580 77.610 27.830
97.240 69.030 27.540
95.910 58.540 9.190
85.710 64.480 6.950
89.160 51.690 20.940
2.670 72.800 1.200
36.720 58.390 17.380
5.240 60.480 1.490
2.620 51.710 0.830
58.450 73.730 28.310
29.420 49.730 8.530
28.860 27.010 9.270
27.550 39.980 12.900
98.810 86.840 6.210
44.470 57.420 6.280
23.570 17.180 8.120
20.350 73.560 0.900
37.380 82.960 17.590
27.240 29.590 13.250
64.000 14.390 3.950
91.570 20.190 4.890
52.140 86.010 25.030
63.510 47.250 6.740
12.900 95.600 2.190
42.600 77.370 6.970
99.020 71.400 22.490
48.610 19.360 9.240
7.700 96.040 3.380
38.240 4.500 0.950
82.570 78.090 19.840
93.860 85.940 8.290
52.220 13.940 3.870
98.550 3.350 0.090
25.450 90.220 12.470
20.910 78.540 9.040
40.530 11.570 3.280
49.280 92.290 2.920
68.390 25.260 2.790
55.980 15.570 4.150
31.640 23.910 4.410
32.850 29.740 10.360
59.310 46.830 19.320
88.130 92.230 31.300
61.250 58.680 24.790
59.810 41.680 6.640
95.140 96.530 6.140
96.350 23.090 2.400
45.070 95.200 12.560
32.120 89.450 4.250
35.220 80.210 2.190
38.150 30.930 7.510
63.760 56.020 3.370
82.780 73.770 3.510
11.980 24.230 4.190
64.280 59.650 11.680
63.240 94.200 6.070
39.990 13.300 0.870
47.630 14.340 2.790
61.690 1.970 0.310
