40 50 22 34 72
10 88 167 38 57
48 96 191 85 90
39 56 121 63 9
39 99 158 28 8
90 33 177 72 20
68 56 128 37 67
16 57 133 63 69
60 77 45 95 43
26 58 114 4 6
85 46 85 96 72
8 71 184 90 91
90 93 129 72 18
60 5 163 100 6
90 51 187 54 62
72 9 157 42 83
60 85 134 52 19
73 5 40 7 7
76 65 140 46 18
12 88 96 34 93
39 21 186 32 79
66 90 97 85 37
88 72 179 64 49
71 40 42 35 5
2 28 124 72 39
17 15 20 50 60
27 75 154 98 10
45 34 89 3 79
44 54 98 90 8
32 32 47 23 24
45 69 169 83 40
62 35 89 94 83
52 73 133 87 92
49 94 124 94 2
39 32 77 60 67
53 65 88 71 33
25 33 10 68 72
64 36 37 100 66
35 62 132 12 29
3 22 26 53 13
17 41 126 45 63
39 14 148 94 66
82 3 180 54 40
7 17 43 96 35
32 24 19 11 28
20 73 155 51 35
95 58 153 2 35
51 16 91 11 3
84 65 147 38 12
99 96 177 38 70
100 25 19 75 52
59 76 144 46 46
9 7 151 45 43
82 54 177 12 45
76 63 11 67 80
46 9 193 25 58
33 47 54 94 92
51 50 111 23 74
92 37 177 2 9
50 45 187 19 93
53 24 147 4 85
26 55 34 85 80
14 10 144 47 52
65 93 192 9 26
18 87 18 77 46
78 23 86 15 76
81 5 197 79 38
24 79 130 5 86
65 82 128 12 47
96 78 134 39 66
12 38 143 25 6
85 92 123 95 9
3 35 156 46 16
77 15 46 20 91
78 99 106 61 8
39 7 182 25 78
100 77 173 6 27
56 60 193 13 71
84 59 45 65 51
98 2 72 47 16
23 40 118 29 94
45 4 21 56 9
50 61 5 56 83
31 9 137 58 71
32 72 192 23 99
43 9 57 65 6
8 17 60 5 79
54 15 106 10 57
30 97 78 52 80
19 82 91 8 72
77 56 196 11 95
44 4 18 74 96
82 57 111 29 73
43 30 105 93 17
4 98 61 36 31
15 33 186 71 11
62 28 82 88 72
40 13 21 32 7
3 37 48 5 32
39 36 63 88 33
65 44 71 77 5
24 67 11 5 45
55 49 62 91 84
34 8 150 39 45
29 96 119 62 93
54 38 125 5 70
63 42 114 93 12
45 15 43 53 94
36 3 158 42 12
63 42 80 44 34
90 62 45 86 23
85 100 19 21 34
92 30 75 92 88
89 63 33 28 51
19 22 34 21 92
81 98 159 67 14
24 4 123 29 97
15 99 67 94 28
23 48 27 53 71
14 54 13 55 62
72 88 10 88 39
75 69 80 92 81
4 33 64 88 56
98 6 24 51 2
41 23 173 43 87
4 73 166 54 36
93 47 184 75 36
51 80 143 7 79
64 95 85 27 79
89 49 168 7 8
21 84 189 76 13
75 13 114 94 75
38 91 134 5 56
37 66 140 70 23
73 75 123 19 71
65 67 39 72 24
51 42 181 31 76
88 13 127 84 53
100 10 48 23 40
68 86 193 25 54
51 74 130 94 9
91 90 136 16 12
28 90 19 29 86
40 48 130 60 99
10 68 167 48 39
4 15 188 63 21
73 33 55 22 49
68 49 20 58 55
99 63 76 88 94
51 30 41 79 6
15 42 55 28 50
55 38 172 92 16
16 35 86 25 29
44 76 155 20 32
77 3 139 59 97
79 88 93 95 32
62 26 32 38 56
59 16 76 45 91
66 13 162 99 48
73 71 31 16 84
5 82 70 99 62
65 6 43 80 24
12 65 179 52 72
67 55 32 94 14
11 18 89 13 28
30 11 87 47 69
83 65 194 8 43
12 49 185 64 81
23 86 25 48 64
8 90 78 93 24
45 42 155 18 40
25 72 18 6 29
6 54 73 66 6
31 25 63 42 35
98 70 94 63 39
78 45 76 26 69
50 42 181 91 17
93 4 101 23 4
15 85 98 12 52
76 32 23 92 67
26 47 191 87 8
6 52 190 80 7
53 35 140 81 41
17 97 75 17 39
90 12 115 3 48
23 14 194 92 73
47 62 152 14 33
66 24 50 33 68
76 93 70 47 69
29 44 26 7 59
28 46 85 20 87
88 12 72 46 31
70 100 101 98 21
44 61 43 74 80
34 30 63 9 62
83 54 173 43 66
83 92 106 35 65
88 35 113 56 6
44 60 76 28 95
20 3 59 74 43
43 91 198 17 54
5 11 87 38 47
13 83 96 22 89
45 85 48 82 43
10 93 198 58 25
24 76 33 86 89
90 32 143 60 58
12 94 159 87 94
55 21 192 37 97
77 76 35 32 45
42 87 191 37 52
28 55 125 94 23
26 11 97 4 97
79 28 86 76 86
83 98 120 37 4
96 27 149 75 59
82 58 23 65 84
99 100 14 7 34
4 85 157 47 80
20 93 59 47 67
6 49 60 67 89
33 37 148 77 93
85 57 96 97 24
74 13 12 67 38
20 60 187 74 43
47 41 44 93 18
38 82 109 72 15
45 89 193 79 27
41 53 58 24 100
76 99 107 27 56
71 30 130 23 41
40 46 129 59 27
72 29 187 44 94
95 69 48 93 87
79 26 130 4 21
57 61 144 33 39
29 88 107 44 9
80 38 13 87 26
59 55 125 33 63
25 19 53 35 43
59 7 66 80 49
69 31 179 75 80
81 3 69 7 67
3 86 32 32 81
84 38 194 11 14
60 98 179 79 33
50 65 193 35 86
38 66 50 39 93
37 73 109 6 21
68 4 87 82 55
70 3 96 57 10
41 72 52 3 26
36 67 174 51 8
7 81 12 95 22
88 20 152 38 96
27 71 118 31 77
60 82 105 36 6
100 60 106 41 6
8 72 20 46 73
40 57 74 62 92
8 79 103 33 63
53 71 42 53 35
48 91 54 41 16
40 64 102 23 89
55 82 197 54 10
63 34 116 3 90
44 5 192 45 76
8 88 154 25 78
48 59 102 11 65
72 94 93 22 60
53 44 95 91 3
69 17 141 53 94
99 54 187 81 71
86 18 181 80 15
100 84 192 71 96
38 2 163 72 35
19 57 23 68 22
11 56 22 48 6
23 98 14 14 75
45 96 130 80 55
88 70 63 94 4
24 80 50 79 37
93 86 158 97 38
20 90 13 64 7
73 85 106 69 89
85 79 188 71 60
82 16 102 29 91
99 96 198 15 30
70 66 122 100 9
5 35 40 21 40
16 67 72 59 38
95 44 67 27 83
89 53 78 63 97
88 63 15 75 24
98 99 155 21 39
39 13 173 68 69
94 10 154 75 41
93 36 200 45 53
69 47 69 63 57
3 9 37 79 32
98 86 52 97 2
46 53 150 46 93
99 39 95 40 26
75 73 199 65 42
54 53 149 44 31
13 72 184 46 90
86 63 22 86 24
75 42 138 94 74
89 31 34 45 85
63 73 6 12 62
44 7 29 72 54
25 91 14 17 21
81 97 89 59 27
48 94 175 62 9
51 65 113 63 81
27 74 12 22 40
93 61 48 90 52
15 98 74 21 38
81 87 96 97 59
19 68 103 6 63
6 99 170 48 25
98 26 16 30 43
61 3 187 55 62
88 77 112 88 76
47 93 62 68 52
23 85 144 42 67
4 58 124 30 47
6 49 79 83 4
42 43 96 59 95
90 24 82 55 24
84 98 47 59 23
33 82 159 91 69
11 87 74 46 100
21 20 31 84 88
17 59 27 31 82
66 23 51 95 84
51 13 103 73 17
63 92 86 69 80
51 38 47 12 76
29 35 125 23 79
57 72 163 99 85
39 17 186 7 98
77 86 179 31 91
5 49 133 62 63
75 69 30 42 12
50 78 10 6 21
72 79 37 63 58
33 11 86 40 74
11 55 44 82 19
45 14 108 26 20
29 86 193 27 25
66 48 78 75 62
70 81 149 87 76
50 49 96 79 48
34 72 46 95 88
76 100 155 11 77
20 16 75 94 81
87 76 83 27 71
28 99 59 85 64
15 97 185 99 83
31 26 98 51 99
83 45 26 66 83
83 59 26 11 20
54 52 192 48 38
87 51 163 75 20
33 12 26 39 13
36 50 8 32 85
75 13 10 97 64
84 44 51 66 28
86 76 53 65 42
2 46 82 77 23
46 90 20 14 86
9 79 6 41 65
8 84 124 56 64
94 16 200 53 23
15 46 31 50 66
87 31 133 64 30
74 26 81 16 55
11 70 10 90 14
73 61 113 36 72
49 83 76 85 6
14 55 71 14 26
20 31 149 39 73
68 60 164 100 42
27 6 130 24 16
67 66 116 87 30
33 85 103 18 21
19 44 155 80 84
33 9 66 28 89
5 51 143 92 65
66 59 25 59 68
71 52 66 89 36
51 31 180 8 75
66 12 186 31 29
7 91 187 71 89
44 26 166 79 97
100 64 37 14 30
3 94 27 79 63
2 26 177 67 85
9 74 61 74 41
14 29 61 78 43
20 97 34 32 37
76 52 91 4 52
59 8 78 4 48
84 24 116 13 62
89 23 100 68 55
36 4 64 23 33
25 8 152 14 50
48 76 74 5 61
25 36 169 19 56
26 88 79 57 25
84 13 16 68 98
50 96 38 81 15
58 60 180 15 93
63 37 91 91 46
35 23 128 95 5
86 55 185 72 52
46 60 103 41 49
43 82 84 40 41
81 87 148 6 95
79 31 28 79 53
48 11 94 26 83
64 5 180 65 47
23 34 116 44 51
45 28 155 89 79
43 86 129 8 3
85 86 175 21 3
40 25 40 55 38
23 67 148 24 48
8 37 89 57 70
55 63 51 100 13
14 54 73 21 91
54 100 147 8 26
74 49 58 10 60
74 64 112 17 68
89 68 171 97 38
60 3 8 15 42
75 74 30 7 97
53 13 105 5 60
72 4 53 40 15
67 26 87 20 42
58 7 74 18 9
4 47 78 53 51
44 12 98 81 68
60 14 161 22 33
28 85 105 92 95
82 5 190 24 92
3 65 101 72 36
41 6 36 96 76
91 10 45 66 87
46 34 124 80 39
28 30 200 15 70
65 4 44 83 79
22 35 154 90 76
96 40 52 93 100
61 14 126 60 18
17 8 142 75 50
45 5 15 93 84
95 88 54 30 47
60 32 143 20 81
54 80 107 4 34
8 13 7 45 70
4 85 49 83 56
4 28 94 59 99
90 84 188 20 25
62 47 179 71 6
78 31 19 92 89
79 93 109 26 38
31 56 97 60 88
65 57 22 93 3
30 41 200 47 14
100 38 122 3 6
44 51 175 55 61
42 86 80 70 99
18 8 139 92 79
3 28 183 69 23
64 69 57 87 26
14 88 94 15 100
62 79 18 41 49
28 43 111 47 87
46 8 184 11 69
60 62 121 34 94
57 78 174 94 47
39 95 118 9 27
20 27 66 85 8
11 42 116 4 43
31 62 100 64 27
75 8 78 91 96
90 54 20 91 30
97 10 85 46 92
11 17 110 78 59
93 52 176 23 32
58 56 37 38 22
31 92 16 19 88
17 6 137 2 63
16 5 43 32 56
73 30 13 98 38
49 46 65 2 10
60 10 113 53 38
45 21 176 4 9