40
0.0 85.8
80.1 38.7
90.5 86.1
6.9 25.7
56.2 98.4
6.8 69.5
64.9 29.6
44.5 37.5
75.8 74.5
82.7 66.7
71.0 85.7
89.7 29.8
84.4 43.4
46.6 49.3
5.8 30.2
78.4 61.5
83.4 21.1
5.6 70.8
25.2 69.0
56.6 14.6
83.2 53.0
44.0 49.4
28.6 52.7
11.4 85.7
44.8 87.1
51.4 49.3
88.7 54.0
47.0 60.8
16.2 74.7
33.6 20.0
45.0 86.3
86.3 44.0
87.1 2.1
4.0 98.6
67.2 35.9
32.4 91.6
75.6 90.2
95.8 56.7
85.9 5.1
0.0 96.5
71
0.0 71.8
70.7 71.9
85.3 70.9
73.6 82.2
49.7 56.8
80.2 12.9
46.9 86.8
2.8 63.4
78.7 3.6
88.9 71.0
39.4 88.9
73.0 98.1
42.1 92.5
48.6 56.6
5.8 60.9
32.2 65.5
46.5 92.4
66.9 51.8
40.1 14.1
57.0 3.2
14.3 4.7
4.6 59.8
50.6 54.3
93.4 35.9
12.9 8.5
69.0 36.6
26.4 72.9
30.4 80.1
15.3 80.6
92.0 79.1
72.6 90.7
24.4 62.3
51.5 71.1
37.2 67.2
86.2 98.0
28.3 69.2
56.6 88.5
69.7 82.1
49.7 37.7
55.9 31.1
14.9 26.5
2.7 0.4
21.4 96.7
48.0 56.8
97.5 30.3
12.1 10.6
6.1 38.7
98.1 47.2
20.7 58.5
92.6 60.0
77.4 7.2
88.5 34.7
25.8 33.8
1.6 62.4
34.1 41.7
37.5 70.6
4.9 24.2
24.4 97.8
17.2 17.1
17.7 35.2
53.7 83.0
89.5 65.8
65.1 30.6
48.4 26.6
33.9 73.7
65.6 40.4
57.3 88.0
51.5 96.9
93.8 68.8
88.8 79.6
0.0 72.1
49
0.0 79.8
73.9 48.0
73.8 0.4
29.7 91.3
24.1 29.1
46.9 52.5
41.2 50.5
33.4 96.4
55.6 25.6
18.7 25.1
2.4 53.5
85.0 56.4
50.1 27.7
92.2 13.2
79.1 92.4
51.8 81.3
99.3 26.6
48.8 51.0
8.5 98.4
22.1 1.0
85.0 91.3
16.7 8.5
41.4 8.9
85.7 12.8
31.6 48.5
91.7 34.8
49.6 29.7
86.1 10.4
57.4 74.4
51.4 89.6
80.7 64.7
1.4 70.1
41.8 31.2
80.9 99.2
4.2 12.2
15.3 95.2
75.9 26.5
24.2 18.0
6.0 7.3
81.8 21.2
15.2 57.2
60.4 39.5
26.9 80.4
74.5 45.1
59.6 0.3
86.1 26.8
39.9 11.8
34.7 8.0
0.0 1.1
84
0.0 50.5
56.9 29.0
8.6 77.9
75.8 68.9
29.3 55.1
79.1 18.6
5.9 58.5
40.1 97.9
46.3 59.6
88.1 55.7
35.5 35.6
5.8 4.3
58.5 34.9
32.9 97.9
85.0 64.8
41.7 99.6
69.2 98.8
8.8 79.4
34.9 86.5
93.5 59.5
49.3 2.7
52.5 63.2
36.0 6.0
75.6 81.6
18.9 44.9
25.0 36.7
19.8 73.8
72.3 39.4
39.1 42.7
79.8 83.3
88.4 17.2
58.4 72.1
28.1 69.1
0.4 6.0
39.1 34.9
73.1 13.9
73.3 41.5
17.8 57.0
1.8 66.6
19.5 42.6
11.7 66.8
63.2 10.3
7.2 55.8
36.1 40.7
50.6 73.3
99.4 75.0
5.8 19.9
13.6 68.4
5.5 60.7
35.4 61.4
17.4 86.7
32.5 10.8
59.6 84.7
64.0 94.1
2.6 76.9
62.4 29.3
18.4 93.4
62.2 50.3
2.8 67.3
51.0 64.3
49.4 8.5
36.8 75.8
61.5 52.0
95.9 29.7
51.6 8.4
93.4 28.9
55.5 18.7
3.9 66.6
72.2 47.3
74.7 5.7
0.9 26.7
60.8 36.0
11.4 60.3
10.7 91.3
97.3 16.5
14.7 71.5
61.0 78.2
40.5 87.7
47.3 89.7
5.3 29.7
4.5 71.2
97.6 19.1
61.2 78.8
0.0 60.5
86
0.0 3.8
20.4 88.7
44.0 47.2
75.6 81.8
9.5 55.4
66.2 85.6
45.8 16.4
50.5 39.8
81.0 77.0
0.8 26.9
36.2 11.5
17.6 87.4
84.9 31.1
45.6 22.1
74.1 34.9
2.0 6.5
44.0 5.9
38.9 47.4
0.2 82.8
43.8 97.5
65.3 23.8
6.3 80.8
53.2 45.4
55.6 93.8
24.6 56.5
75.1 16.9
78.1 97.2
96.9 33.3
5.7 21.0
50.5 3.6
4.9 12.2
22.3 2.8
61.9 42.2
11.2 40.8
6.6 44.1
23.1 76.3
29.5 40.5
63.1 14.0
64.1 34.5
5.5 56.3
60.6 43.6
87.3 76.8
7.6 95.5
74.6 34.0
2.4 5.5
57.8 75.4
64.5 44.4
42.7 83.5
21.7 57.5
32.9 93.9
23.1 40.3
72.9 12.8
93.0 1.8
85.4 77.4
22.7 27.6
23.7 10.5
24.9 72.7
55.9 83.4
7.8 85.6
48.6 20.9
30.9 69.5
56.6 95.4
31.2 8.9
83.1 85.9
6.5 24.8
4.4 1.5
28.1 17.6
79.4 3.2
24.1 30.0
97.5 27.4
23.6 69.6
25.4 51.0
33.7 26.7
60.1 93.0
2.6 17.8
52.7 2.5
80.2 93.5
2.8 35.2
97.5 43.0
98.3 86.1
38.0 23.2
71.4 66.1
26.4 5.6
90.6 85.6
58.1 30.1
0.0 34.9
29
0.0 100.0
93.2 75.5
45.9 97.7
48.3 72.9
42.2 29.0
48.1 2.5
54.6 83.3
82.1 85.0
49.0 82.5
95.0 32.3
43.8 73.4
8.2 34.9
10.9 15.6
41.2 74.1
27.6 0.9
99.8 98.3
61.3 32.7
8.1 94.1
49.3 32.8
30.1 34.2
82.7 26.4
70.8 80.4
48.3 82.1
16.1 67.6
17.0 96.0
67.1 78.9
6.0 15.7
26.2 72.5
0.0 22.6
37
0.0 72.3
69.5 70.3
49.6 11.3
99.3 21.0
39.8 85.9
80.2 13.7
16.3 11.9
95.5 15.3
72.4 63.7
77.1 62.0
52.4 86.3
96.2 10.1
17.9 2.1
47.6 21.7
76.3 10.7
78.2 25.2
91.8 74.3
21.1 17.2
37.4 9.1
41.3 56.0
84.6 83.2
10.2 42.3
3.4 42.5
48.8 56.2
68.9 91.1
2.3 69.5
82.8 95.5
29.8 58.9
54.0 30.2
72.4 81.3
63.9 2.0
25.5 80.2
94.6 23.7
68.9 43.7
77.0 3.3
7.7 39.7
0.0 0.7
41
0.0 17.5
86.2 67.4
33.5 68.8
2.3 57.2
64.5 41.8
27.9 73.5
36.1 71.7
58.6 27.7
79.4 39.6
62.9 55.3
4.6 61.7
50.0 74.5
32.2 20.4
62.0 70.1
38.3 85.1
65.6 4.1
5.2 15.9
65.7 73.8
60.0 9.0
88.7 59.1
9.1 43.9
73.7 59.0
29.2 71.7
93.9 52.0
91.5 3.2
82.5 43.4
28.7 51.3
94.2 83.2
54.2 55.0
80.4 99.2
17.2 56.9
58.6 47.3
13.9 55.7
51.2 86.3
52.4 13.9
88.1 56.7
93.9 18.0
39.5 32.7
70.7 24.0
59.5 69.6
0.0 83.9
13
0.0 49.2
66.2 88.8
41.3 97.2
78.7 7.0
17.3 17.5
85.0 30.7
53.6 67.5
75.5 18.6
41.9 79.6
39.7 80.4
99.6 58.1
88.3 50.4
0.0 87.1
94
0.0 6.3
99.2 71.9
71.2 52.5
81.2 11.4
8.6 82.3
96.8 95.3
20.9 70.9
6.0 22.3
67.5 31.2
37.0 50.2
47.1 78.4
95.3 94.6
92.8 83.2
7.1 52.9
65.2 36.9
29.8 2.4
11.0 73.5
49.0 15.6
57.5 25.0
20.2 95.0
16.2 38.1
52.9 38.1
6.3 45.2
43.2 77.7
93.1 49.2
28.6 69.0
86.1 74.0
39.9 22.8
14.7 61.8
3.7 99.2
10.9 89.1
85.7 32.1
91.9 20.3
21.1 83.2
38.9 42.7
94.1 29.1
67.2 97.0
72.3 11.4
11.9 83.3
93.1 26.8
32.6 18.6
22.3 34.1
59.7 60.2
14.9 24.4
60.7 1.4
53.8 45.9
76.1 61.8
69.0 35.4
83.6 74.9
24.1 48.7
82.8 20.0
11.1 29.4
43.8 46.1
11.8 28.8
34.8 83.5
71.7 81.9
91.8 51.4
8.9 62.9
78.3 37.2
57.5 55.3
10.6 12.0
65.7 83.3
2.8 64.1
26.2 77.7
48.4 79.7
82.6 88.8
50.5 3.6
15.3 62.7
90.2 18.0
82.0 8.8
50.7 69.8
40.7 56.5
52.8 42.6
79.0 11.0
74.2 9.9
80.6 7.6
13.4 33.8
9.0 99.2
21.0 23.1
7.3 33.1
36.1 53.7
65.5 50.8
75.8 99.5
5.4 92.4
81.6 33.6
87.3 8.4
38.4 72.3
49.8 96.4
63.6 16.9
68.0 8.4
37.0 49.9
83.7 86.9
86.1 5.0
0.0 70.7
38
0.0 73.0
17.7 34.5
32.6 60.1
93.8 13.3
30.5 79.9
18.9 86.2
56.8 87.2
84.3 5.3
79.8 3.3
21.7 3.3
79.7 42.0
27.4 51.6
91.0 3.4
23.7 18.9
23.3 32.3
27.2 77.3
55.2 35.8
48.9 30.2
61.5 34.9
28.6 19.7
54.0 38.8
32.4 70.5
71.4 85.4
12.3 85.8
73.6 2.4
38.6 17.2
1.8 11.2
66.6 37.3
8.2 40.6
59.6 24.7
7.3 72.7
52.2 19.4
36.6 74.6
68.6 5.2
82.0 4.0
40.6 74.2
62.5 99.1
0.0 93.1
7
0.0 41.5
83.9 26.9
54.3 63.6
31.3 81.4
12.7 76.4
28.1 12.2
0.0 80.5
39
0.0 71.0
8.4 80.3
44.1 96.1
1.2 37.1
16.9 88.4
10.4 75.9
92.5 72.6
57.0 99.2
36.2 48.8
58.9 95.8
98.1 86.5
90.7 10.1
25.0 51.9
18.1 18.1
25.3 53.5
60.0 73.2
26.4 36.4
54.0 95.9
22.4 34.4
87.1 8.7
4.7 94.1
46.3 21.4
35.5 32.4
92.9 14.5
68.4 69.2
8.6 27.0
36.0 23.7
54.8 78.9
38.8 77.0
15.8 34.4
47.5 15.3
58.3 63.2
25.7 22.8
23.3 95.2
6.0 48.3
65.2 41.9
67.4 33.0
51.3 64.9
0.0 86.4
92
0.0 40.7
26.8 50.8
69.5 27.2
43.4 43.8
3.8 34.1
46.6 28.6
21.4 75.0
14.5 0.9
22.0 58.2
32.9 33.0
71.4 77.4
12.8 41.7
2.5 97.5
90.6 7.7
33.1 29.1
79.5 36.7
9.3 65.5
36.5 16.2
70.4 34.5
83.3 82.5
66.8 17.5
64.3 97.1
32.9 6.5
73.4 77.4
45.3 18.9
17.8 59.3
11.4 90.9
67.4 91.9
70.4 70.5
24.1 55.3
98.0 46.9
45.0 90.0
8.1 73.9
61.8 68.4
73.7 42.9
15.5 75.0
28.4 87.3
95.3 76.8
60.4 59.5
12.3 24.3
95.7 35.2
82.5 32.2
68.5 74.8
28.1 88.0
40.1 82.7
93.4 21.5
42.8 48.3
73.9 16.9
19.4 94.8
7.6 37.1
1.8 76.8
61.9 97.1
92.7 21.2
32.8 96.1
59.5 68.0
65.6 80.7
77.5 46.2
97.7 28.3
2.3 75.5
20.3 57.9
58.5 45.8
64.1 45.4
7.6 50.7
66.2 78.4
94.5 79.0
3.8 4.6
25.7 80.4
91.9 1.9
66.7 60.9
36.1 62.8
14.9 73.1
21.8 36.3
52.2 3.7
38.2 22.1
52.2 70.3
25.0 28.6
57.5 60.1
73.3 67.0
44.1 81.7
36.7 99.0
76.7 89.1
17.9 58.0
9.2 2.9
52.8 29.1
15.1 97.1
93.2 46.5
72.9 57.8
33.2 36.3
31.9 15.7
86.1 73.5
13.6 29.0
0.0 64.5
54
0.0 99.2
56.8 10.5
35.0 70.2
93.0 80.6
75.4 62.2
20.5 31.9
89.8 84.2
41.4 91.7
21.5 18.1
91.3 99.7
95.8 88.2
79.1 59.4
78.4 83.9
41.1 20.2
90.6 98.5
43.8 55.8
22.8 50.2
86.5 17.5
31.3 30.8
35.5 50.0
45.7 20.6
56.7 22.1
96.5 99.5
73.0 34.3
74.0 74.9
88.2 54.3
17.3 73.0
68.8 89.1
62.0 19.8
83.3 50.2
2.1 15.5
82.7 44.1
47.7 56.0
24.9 29.7
22.1 69.4
40.9 87.3
34.1 5.8
62.6 29.5
92.8 3.6
68.3 80.2
19.3 46.0
42.9 48.1
25.1 49.3
18.6 13.7
81.6 19.5
26.9 33.3
46.0 4.5
24.5 96.2
63.2 37.9
54.0 24.0
93.4 69.7
58.6 62.5
63.9 1.4
0.0 25.9
7
0.0 52.4
97.4 81.4
1.6 68.0
11.0 24.7
64.0 66.1
29.1 75.8
0.0 7.6
14
0.0 81.7
91.3 46.6
93.3 77.0
70.0 99.7
61.9 25.2
39.1 50.9
75.6 98.4
27.2 81.0
67.3 29.2
51.9 18.1
30.1 73.4
28.6 88.0
57.4 41.8
0.0 3.4
21
0.0 53.3
2.0 33.1
64.7 42.7
79.3 55.0
1.5 91.8
36.7 44.2
7.2 31.5
56.1 19.2
0.9 19.9
92.1 27.5
52.1 68.0
39.8 4.9
91.9 4.1
63.9 3.2
74.5 16.3
69.4 81.2
14.7 59.2
29.3 75.9
82.4 20.5
88.2 91.8
0.0 55.9
58
0.0 23.6
60.7 46.5
64.2 40.4
27.5 3.3
78.6 46.5
83.3 40.7
32.0 3.5
5.6 56.8
6.3 36.0
57.4 94.8
30.6 44.1
27.7 48.4
72.4 5.6
61.7 39.6
25.3 49.5
41.5 55.4
14.9 41.1
27.1 37.4
92.6 72.0
92.8 19.7
31.7 83.5
11.8 30.5
49.9 39.1
17.2 69.8
91.1 42.5
81.5 64.2
77.0 42.1
7.1 48.9
93.3 26.0
44.7 1.2
94.6 71.2
91.5 81.5
83.9 34.1
3.0 75.0
34.9 59.5
5.0 69.5
96.3 59.7
19.2 61.6
37.4 82.5
46.1 39.0
95.4 7.3
50.7 89.8
56.6 87.6
92.3 80.6
73.7 35.6
16.7 47.1
41.6 34.2
36.1 93.4
71.9 1.3
53.7 12.8
54.5 41.0
74.0 77.8
84.7 42.4
73.0 63.7
56.0 68.0
13.1 70.8
62.9 10.9
0.0 78.6
84
0.0 74.9
90.6 55.7
75.3 29.6
91.1 0.8
63.5 56.7
26.5 14.0
96.6 44.3
7.6 85.5
84.3 87.4
53.4 99.0
16.3 7.6
44.0 6.9
85.9 89.4
37.5 96.2
3.8 17.5
77.6 3.7
10.1 59.1
34.6 75.7
50.4 62.6
43.1 68.9
79.3 54.5
23.4 73.8
2.2 18.2
93.0 62.5
18.3 62.3
99.0 28.2
73.5 67.4
61.3 96.0
76.3 29.4
14.5 88.7
70.6 3.3
50.1 4.3
80.1 57.1
66.6 92.7
40.8 54.2
70.4 66.6
61.8 84.9
73.4 56.0
86.9 47.2
64.5 11.6
94.4 39.2
22.4 95.6
71.5 90.8
77.8 75.4
77.3 93.3
10.5 22.6
54.8 51.4
47.0 78.7
6.1 2.9
26.8 14.1
92.2 15.3
84.2 95.6
84.9 30.5
11.5 52.4
26.9 45.7
29.2 75.2
80.9 33.8
25.0 20.5
65.3 70.4
41.6 82.2
85.3 29.5
93.3 49.1
76.8 68.9
49.3 4.3
58.6 18.4
77.1 77.9
60.2 16.0
30.2 92.6
30.1 9.2
67.6 53.1
54.3 95.1
74.2 80.7
7.1 84.7
59.9 58.9
89.7 31.4
73.3 85.1
27.4 78.3
34.9 41.6
53.7 36.2
25.9 49.5
44.4 0.9
6.3 12.9
62.1 24.6
0.0 77.6
86
0.0 19.2
76.3 0.6
35.7 79.6
41.5 58.4
36.0 94.0
73.1 78.2
29.9 36.4
91.5 30.9
20.0 59.1
57.2 77.7
92.8 50.6
32.6 84.7
41.7 40.9
57.7 33.7
24.0 9.4
56.3 71.8
35.7 71.1
82.9 67.9
49.0 99.4
7.0 68.0
18.4 58.8
32.4 53.5
73.9 57.8
70.0 23.8
11.7 35.2
66.5 49.6
57.3 0.8
8.2 48.6
80.2 34.1
4.3 9.8
96.1 95.3
56.8 41.7
18.9 90.4
72.0 3.7
12.3 15.7
91.3 63.3
89.0 76.3
33.9 46.4
97.1 20.3
37.6 74.3
68.1 48.1
84.4 6.2
39.9 50.9
43.5 49.0
63.6 20.4
57.7 3.1
16.2 30.7
73.3 47.7
17.5 71.1
40.7 90.0
87.4 10.9
77.4 27.8
15.7 29.3
63.8 68.7
36.7 76.4
45.8 14.1
53.4 99.1
78.5 39.6
3.7 83.7
49.0 3.3
78.0 81.4
66.3 37.3
84.1 18.5
76.9 19.6
4.5 22.8
33.6 47.9
1.2 73.1
97.6 85.7
42.9 48.5
69.6 60.8
43.2 91.4
68.9 60.0
36.6 73.3
23.0 53.6
40.3 17.4
88.4 66.6
55.8 95.3
32.3 52.4
1.7 45.5
48.0 23.0
36.5 86.9
3.3 37.8
82.4 29.7
65.6 1.7
32.3 32.9
0.0 36.6
59
0.0 74.6
70.8 18.4
31.1 84.4
90.5 42.7
18.1 66.4
77.6 16.9
82.0 46.4
17.2 25.0
64.5 61.8
94.5 71.5
54.3 7.8
68.4 27.8
35.9 78.9
15.7 14.8
10.8 94.9
81.2 66.2
69.0 12.7
46.0 9.0
91.0 23.4
64.5 82.7
98.2 51.9
88.0 17.1
98.6 18.5
75.0 66.3
40.0 80.9
94.7 9.0
97.3 39.5
57.3 12.6
48.9 72.7
32.6 87.4
53.8 62.6
39.7 29.6
16.9 8.1
59.8 21.9
26.7 48.4
86.6 17.5
61.9 96.9
44.7 56.3
63.3 97.5
88.9 80.2
77.7 66.9
30.4 98.8
12.1 92.4
72.5 4.8
77.3 95.8
60.1 67.5
69.8 23.9
71.9 2.8
100.0 37.7
51.6 48.8
49.6 82.0
58.7 53.7
10.4 32.7
8.7 87.4
38.7 84.1
61.6 92.6
88.5 2.1
3.3 15.9
0.0 90.0
72
0.0 62.4
13.1 80.9
49.1 45.2
25.4 7.3
32.8 30.8
57.7 7.3
42.8 90.8
15.8 64.8
14.0 35.0
9.8 90.5
98.9 41.5
19.8 15.0
88.3 84.2
22.1 67.5
80.2 75.4
96.4 20.6
18.6 96.3
86.5 51.8
37.1 29.3
59.2 48.3
90.0 55.1
80.9 63.9
57.7 68.4
59.3 39.2
38.3 36.7
62.0 37.4
92.5 26.1
56.5 16.6
75.1 68.9
59.5 78.7
60.4 7.7
60.2 14.5
12.0 28.2
73.7 63.4
68.6 59.5
85.6 31.4
20.1 55.9
21.3 77.7
22.0 66.7
50.2 11.0
76.8 72.3
84.1 77.7
65.1 23.9
19.4 37.6
39.9 79.3
78.1 65.5
35.0 8.5
51.8 65.0
64.9 90.5
84.3 79.6
46.1 8.8
81.4 7.5
15.2 41.9
40.2 74.9
37.3 81.1
29.2 68.5
39.6 63.3
58.9 15.2
99.1 25.0
8.3 99.7
8.7 29.8
9.0 27.9
38.6 1.3
24.5 90.1
66.9 59.2
9.4 97.1
2.2 76.2
50.2 98.6
92.7 66.1
34.0 18.5
51.3 21.3
0.0 67.4
76
0.0 19.4
84.9 88.5
51.1 32.2
0.1 35.4
31.1 60.5
17.3 35.4
91.6 88.3
93.0 71.2
6.2 10.3
67.5 82.3
5.8 95.7
62.1 0.6
31.8 50.8
5.6 66.1
47.8 79.9
43.8 50.4
87.2 73.9
11.6 78.1
41.4 17.2
98.8 11.1
35.5 10.7
39.0 99.9
51.6 81.9
99.8 87.7
81.5 68.7
23.9 51.3
49.9 23.0
58.0 83.0
19.4 30.7
11.3 43.1
7.6 54.5
2.1 70.8
10.0 57.5
47.5 43.6
27.4 56.8
37.9 65.0
28.7 67.1
3.9 10.4
42.8 86.2
26.7 10.3
19.6 15.1
96.5 24.0
58.0 94.7
30.4 57.5
53.2 46.5
87.2 63.8
79.3 79.0
32.8 79.4
97.6 20.8
98.7 4.0
50.3 18.3
11.5 52.3
51.6 44.7
86.1 68.6
23.2 88.6
96.6 25.2
66.9 39.4
13.6 16.0
13.8 34.0
60.1 62.6
66.2 25.1
5.7 24.6
96.8 20.9
81.1 69.7
2.8 40.0
55.6 96.6
72.3 51.2
51.7 45.9
8.2 45.8
53.3 55.7
40.3 94.5
24.7 70.1
27.6 39.7
24.0 70.1
5.6 58.8
0.0 51.6
12
0.0 72.6
23.9 22.1
4.7 72.0
73.2 55.6
88.1 69.8
97.2 33.9
19.7 64.5
62.4 76.6
78.6 50.2
13.1 9.7
87.1 23.1
0.0 93.6
3
0.0 97.5
73.8 9.0
0.0 62.1
63
0.0 0.3
93.3 19.5
69.1 52.3
91.1 66.7
6.2 57.8
98.9 22.5
86.3 89.9
58.3 31.4
10.2 21.7
22.6 61.4
33.1 82.5
14.8 76.6
12.0 24.8
28.4 59.5
40.5 90.1
34.5 1.9
40.3 46.0
82.6 4.9
29.3 1.8
37.1 65.9
18.4 44.8
90.1 9.6
48.4 70.1
17.0 98.6
38.1 53.0
43.1 27.8
2.3 99.7
24.0 17.6
88.6 25.4
19.0 5.5
58.9 10.0
38.5 95.1
37.0 59.7
27.8 2.6
99.6 47.8
18.6 27.8
66.0 14.1
44.0 19.7
88.9 69.2
30.0 44.7
19.2 66.0
9.6 4.8
53.5 77.1
38.5 75.5
13.5 63.9
11.2 45.5
46.5 70.3
98.8 10.5
73.5 49.3
95.8 28.6
34.5 71.9
35.5 27.2
17.4 49.5
74.7 2.7
67.9 43.2
72.3 88.2
56.6 40.3
35.5 89.6
47.1 39.3
31.9 38.1
33.6 88.6
64.4 31.9
0.0 88.2
40
0.0 92.9
31.9 64.0
68.7 81.2
57.4 81.7
3.7 74.7
61.8 23.4
80.8 9.3
62.0 88.0
41.2 36.9
7.9 36.0
19.9 64.9
49.8 2.8
70.2 51.2
36.4 17.1
25.8 44.8
34.4 39.7
89.5 99.9
34.9 21.3
60.2 70.3
62.1 32.9
67.7 50.0
5.2 1.3
66.5 68.0
98.9 68.3
82.9 15.3
1.2 31.0
18.7 14.4
42.5 96.8
29.5 17.2
52.8 57.6
17.7 36.9
5.3 28.5
33.9 44.2
79.5 54.5
43.0 82.9
49.1 89.9
18.6 83.9
79.2 9.2
9.8 42.0
0.0 27.4
21
0.0 72.0
41.9 79.2
57.1 5.2
19.5 58.1
38.0 21.6
6.7 47.0
58.3 50.3
43.2 12.2
92.7 94.8
82.4 53.3
70.0 53.4
66.6 76.1
85.5 97.9
97.6 29.1
47.2 1.4
1.5 10.9
32.1 58.7
58.0 10.4
4.1 76.3
41.5 81.7
0.0 87.4
13
0.0 40.4
2.7 46.6
93.3 56.8
80.1 2.0
19.3 89.0
84.7 81.7
94.3 31.0
10.5 52.6
19.9 79.4
32.9 14.6
32.6 45.3
4.7 28.0
0.0 99.3
18
0.0 5.9
2.4 36.4
29.6 41.6
39.9 33.8
8.6 37.5
63.7 53.5
86.0 46.8
88.7 10.1
96.2 62.6
82.7 16.7
24.9 21.3
81.6 66.5
40.4 72.6
75.2 64.2
2.5 74.2
93.6 17.7
72.7 1.3
0.0 50.7
50
0.0 56.8
28.0 31.3
86.3 3.3
12.5 75.4
59.3 71.5
7.0 16.3
96.2 51.5
68.1 35.4
25.8 90.3
47.7 63.2
30.1 84.5
21.5 92.5
22.7 78.2
10.9 95.2
55.2 51.1
2.0 15.8
65.6 62.1
16.4 27.0
59.8 70.9
59.7 75.9
30.9 18.9
81.0 72.9
79.0 47.4
10.0 48.6
46.5 13.4
12.1 5.0
54.9 81.3
59.0 93.0
38.5 35.2
3.1 4.1
73.2 66.2
74.7 69.4
93.4 19.8
22.9 36.7
46.7 24.3
55.3 14.5
63.4 42.4
63.1 40.9
1.7 26.2
5.5 9.4
81.5 1.1
99.3 35.0
54.7 1.9
66.9 17.9
65.5 43.6
91.7 1.7
21.5 35.9
83.8 46.4
77.9 70.7
0.0 65.8
93
0.0 14.8
18.8 48.4
36.2 69.8
55.3 3.4
61.6 23.7
5.8 72.6
70.0 62.4
73.3 41.8
79.8 19.4
29.4 23.5
43.4 89.5
36.9 46.9
98.6 68.9
50.9 44.8
6.9 73.6
1.0 23.2
31.6 78.3
36.1 89.5
9.7 78.8
29.2 46.9
1.4 4.0
34.2 39.6
68.4 42.5
47.9 82.8
32.4 67.7
88.6 87.7
30.4 84.5
55.0 78.1
88.9 13.3
5.2 53.7
72.5 61.8
99.8 1.5
21.2 71.4
54.2 90.5
17.6 49.9
94.7 53.9
96.7 85.6
21.0 68.7
89.6 19.6
83.6 10.0
69.6 36.0
10.5 79.0
92.0 48.2
62.2 79.0
5.4 31.3
38.3 21.5
33.6 88.8
42.8 36.1
68.3 35.6
5.1 97.0
93.1 71.7
87.4 95.8
7.6 86.8
53.7 47.2
83.9 48.4
46.8 26.3
74.2 44.4
61.5 67.7
74.2 36.2
29.7 97.5
75.2 45.6
6.2 20.8
15.2 20.8
24.7 92.9
67.0 5.4
7.9 32.6
44.8 2.0
33.1 23.6
48.1 38.2
93.6 49.8
20.1 59.1
5.1 29.4
91.9 72.0
90.9 75.4
70.9 42.4
6.3 71.9
23.1 89.2
76.7 6.8
80.4 92.1
32.4 79.6
35.8 72.7
84.8 7.4
12.8 42.3
61.1 46.4
73.0 40.5
68.5 17.2
24.4 45.6
43.6 13.0
29.4 16.7
94.9 23.8
95.8 72.8
4.6 14.4
0.0 81.7
88
0.0 12.7
3.6 52.9
0.6 49.5
12.0 3.1
15.6 24.5
43.6 57.0
22.6 3.3
77.1 29.3
38.2 91.4
35.7 89.7
24.2 0.3
99.1 7.2
46.6 98.8
6.9 91.3
86.0 43.5
41.4 29.4
83.2 34.5
15.5 82.1
68.5 2.4
5.8 94.5
29.4 18.0
69.8 23.1
66.2 67.4
55.2 17.8
93.0 56.4
29.6 84.0
1.1 61.6
79.2 18.3
34.7 40.2
90.8 68.4
66.2 28.0
2.4 97.7
13.8 73.6
84.8 70.9
47.7 11.7
94.2 33.1
73.6 32.3
90.2 72.5
38.4 96.3
40.9 35.5
26.2 21.8
69.6 79.0
39.3 6.4
34.0 83.2
25.8 30.9
35.2 39.6
48.0 78.4
99.7 17.0
7.6 19.3
57.0 53.4
84.7 54.5
69.1 76.2
61.2 87.3
55.3 56.0
46.8 44.1
90.6 76.0
16.1 66.6
42.2 45.4
81.7 10.5
15.8 98.4
57.9 27.1
55.5 61.0
63.6 89.7
19.8 18.8
88.2 82.1
18.0 79.9
44.1 46.3
7.5 43.7
22.0 7.9
52.2 15.9
83.2 91.9
88.4 79.6
59.5 3.8
93.5 93.4
35.1 92.8
26.6 38.6
79.6 98.0
28.9 55.6
82.8 97.3
78.9 93.7
5.6 19.6
57.0 11.0
8.1 82.4
28.4 47.9
44.1 36.2
45.7 80.6
97.7 29.1
0.0 92.5
51
0.0 17.2
9.2 15.2
34.7 52.0
80.0 92.8
13.6 30.6
10.4 60.5
78.4 2.9
95.2 79.6
31.3 62.8
93.3 3.0
72.4 59.3
40.8 67.1
42.3 21.2
59.3 36.1
51.2 96.3
61.6 41.7
66.4 81.6
36.2 17.7
15.0 96.4
22.7 60.0
89.6 66.2
34.9 7.3
31.9 62.6
29.5 11.7
45.9 92.5
59.2 3.7
97.3 85.1
83.8 43.7
39.5 77.7
45.8 85.4
9.1 93.9
55.2 51.5
86.5 77.6
30.1 28.6
0.8 20.4
83.1 84.7
97.3 47.0
46.8 67.1
86.7 16.0
18.0 50.0
62.1 21.0
34.5 85.2
3.1 43.7
51.6 71.5
67.2 56.2
21.4 83.4
65.3 68.6
74.5 59.8
61.0 58.2
46.2 26.8
0.0 12.7
97
0.0 66.5
77.8 28.1
59.7 70.6
27.6 75.6
52.2 65.9
50.6 25.3
27.7 49.5
77.9 70.2
32.3 65.5
39.9 10.4
43.2 67.7
56.4 67.4
36.0 5.4
61.6 69.9
19.7 64.8
60.3 52.2
77.4 5.5
66.8 94.4
26.5 30.8
53.5 11.4
87.5 56.4
1.2 84.2
96.4 15.2
36.1 7.1
81.9 74.9
9.0 50.2
4.2 99.4
69.8 7.0
95.8 81.1
9.3 18.7
42.7 9.4
23.0 56.4
62.2 12.9
63.1 87.6
15.1 10.5
42.9 67.8
66.4 13.8
7.5 46.6
66.6 57.8
41.9 14.5
74.2 54.7
74.4 57.1
63.8 17.4
1.3 26.0
84.3 3.9
42.5 7.0
31.0 27.8
29.8 75.6
22.9 79.3
33.8 48.9
36.2 32.7
69.5 86.8
57.0 46.4
43.7 80.4
32.0 7.4
3.0 0.4
48.4 33.4
4.6 56.7
96.5 48.1
3.3 98.5
69.1 45.8
70.0 55.7
14.1 98.1
43.8 74.5
79.1 64.0
89.9 29.4
58.0 9.5
36.4 12.1
85.4 88.0
94.8 21.1
90.9 6.9
96.9 64.2
87.7 52.1
52.2 88.0
37.9 6.8
38.7 6.7
54.1 41.7
46.0 26.9
19.4 35.3
30.9 62.0
52.6 58.1
3.8 68.9
92.1 76.3
22.8 25.2
70.5 67.5
42.0 59.6
72.7 31.1
68.5 23.2
1.9 5.9
5.4 0.3
57.6 85.4
13.5 66.8
69.9 23.9
50.7 47.3
58.7 36.5
67.1 85.9
0.0 32.8
83
0.0 3.6
1.3 62.6
96.7 2.9
63.4 75.8
7.5 13.8
17.2 97.2
7.7 83.8
76.6 52.8
85.7 89.2
52.8 93.7
87.1 38.9
61.6 67.6
82.4 32.6
81.2 23.5
71.0 71.1
56.3 8.3
91.0 94.4
25.6 87.3
76.7 27.3
84.3 40.5
29.5 2.7
25.4 88.5
60.2 56.6
87.2 43.0
14.6 38.4
93.1 15.7
37.5 17.9
94.9 59.2
7.1 36.2
84.9 43.1
43.6 50.9
9.9 55.1
14.2 78.8
60.8 63.2
14.2 93.7
15.0 30.9
42.6 52.5
6.3 56.7
42.2 3.0
24.9 41.7
48.6 48.5
70.2 49.5
49.7 89.7
72.0 99.0
72.3 39.1
16.8 42.8
61.5 12.1
6.0 97.7
46.5 84.0
83.0 87.1
2.6 9.4
82.9 58.3
86.6 92.7
82.6 68.1
46.9 2.4
46.4 48.7
8.6 62.3
81.3 11.8
66.6 84.7
94.1 36.3
92.0 20.5
19.7 64.3
43.3 34.9
56.2 60.6
20.4 32.8
71.6 42.6
95.8 20.8
73.6 87.2
39.3 93.2
9.8 86.8
45.7 68.3
95.7 53.8
3.8 42.2
36.2 86.7
92.8 87.3
74.2 38.5
89.5 56.8
16.8 68.1
70.0 85.2
63.2 18.3
50.2 56.5
49.2 62.5
0.0 99.5
14
0.0 25.4
45.2 99.1
75.9 77.8
85.2 4.5
4.8 33.3
62.2 3.1
49.8 82.5
90.7 30.7
31.7 65.5
28.9 87.6
76.4 62.4
83.4 22.9
41.4 52.5
0.0 0.9
37
0.0 55.2
17.0 45.6
52.1 7.0
42.8 22.0
4.4 56.1
27.9 85.3
3.5 74.5
81.5 75.6
91.6 26.4
1.8 74.9
8.0 72.2
30.0 17.2
57.6 37.5
73.2 57.9
15.7 86.1
92.1 2.8
77.7 2.1
39.5 15.3
15.9 51.0
29.5 58.8
29.4 12.6
10.6 90.6
28.3 42.0
54.5 9.1
77.7 79.7
2.4 7.3
93.5 54.6
18.9 85.9
33.8 29.1
8.8 84.9
67.2 89.6
51.0 30.6
38.4 48.7
94.1 7.0
12.5 63.1
6.3 27.5
0.0 94.7
46
0.0 54.0
86.4 97.6
99.2 10.1
26.2 78.8
24.8 15.2
29.2 5.3
62.2 65.2
71.5 46.1
75.7 70.6
99.4 5.3
71.2 45.1
53.9 44.6
2.4 14.5
0.9 65.1
85.9 17.1
15.7 98.9
27.7 12.7
47.0 48.8
33.1 60.3
35.5 63.8
12.8 67.7
98.8 65.0
35.9 44.6
18.9 29.9
81.7 20.8
49.5 18.4
14.6 1.7
41.6 70.3
52.5 82.5
13.8 99.8
8.6 0.3
5.6 76.7
14.6 73.1
39.5 78.8
89.0 59.7
28.5 11.5
34.3 68.5
88.8 59.3
8.8 82.1
20.2 87.8
19.0 51.2
24.5 81.7
86.3 78.0
22.0 94.0
13.3 93.4
0.0 62.2
39
0.0 39.8
100.0 21.3
55.5 98.8
63.1 19.4
57.1 81.4
0.9 31.2
14.2 18.0
58.3 4.9
33.3 81.4
44.6 99.9
7.4 94.3
40.3 22.1
48.7 0.1
3.1 66.8
49.6 43.6
95.1 66.7
69.8 95.2
55.9 72.7
43.4 14.6
45.4 3.2
44.7 26.9
99.9 36.4
79.7 82.3
40.5 94.4
25.3 22.3
17.3 12.9
23.5 39.1
95.5 86.1
2.5 78.8
59.6 3.3
81.1 35.1
69.0 73.0
83.4 31.2
73.9 61.7
93.9 72.8
60.8 60.2
46.8 91.5
67.2 63.6
0.0 34.8
9
0.0 28.3
31.0 74.6
59.1 81.4
27.9 5.1
46.8 45.1
35.2 8.4
49.3 36.9
96.6 48.6
0.0 52.7
84
0.0 67.8
33.2 24.4
46.4 19.1
29.3 91.4
42.7 63.9
8.5 94.3
7.9 86.4
63.6 89.8
98.8 97.3
90.6 18.9
25.3 97.2
66.3 0.5
16.3 46.8
1.6 72.8
5.8 91.7
9.3 97.4
1.7 26.3
58.1 22.8
18.6 81.5
12.8 36.8
43.3 75.9
67.6 47.3
52.8 32.2
86.8 67.8
71.9 72.7
24.2 85.9
98.0 80.1
36.2 63.6
83.0 45.4
16.2 33.7
54.7 81.2
2.5 50.6
80.7 97.9
75.8 74.7
67.7 97.5
43.8 98.6
59.7 85.2
64.6 76.0
7.1 43.0
69.8 6.4
68.7 0.8
48.1 40.6
87.7 19.4
86.4 29.1
50.4 90.5
33.4 22.1
47.8 22.8
71.2 34.1
25.8 16.5
28.0 51.1
36.5 32.4
7.4 31.7
20.3 60.0
2.2 6.9
24.3 39.3
20.6 98.1
17.0 68.4
19.7 23.9
95.1 2.2
10.7 56.4
3.1 49.1
78.8 37.7
10.5 7.6
27.3 59.4
49.4 46.5
85.3 87.5
82.0 18.2
92.1 57.4
58.6 76.2
98.7 7.6
57.8 64.4
80.3 44.7
17.9 66.5
5.2 7.2
32.5 12.3
46.8 28.3
73.5 65.8
82.1 59.6
24.0 98.1
53.4 77.7
24.2 82.1
56.1 11.6
90.1 87.2
0.0 34.6
74
0.0 11.1
37.3 69.4
64.1 35.4
46.7 66.7
0.4 0.3
36.0 29.3
43.6 11.8
30.4 38.8
47.2 41.6
54.3 44.7
93.0 66.1
81.2 3.2
62.6 13.8
43.1 75.8
19.5 20.2
83.0 1.4
28.4 81.5
92.0 60.5
68.1 0.1
42.6 26.2
47.1 40.1
19.0 62.4
82.5 54.7
75.1 13.1
57.2 95.5
72.2 93.2
77.9 54.6
36.1 91.2
23.3 69.8
11.5 52.5
60.0 23.9
17.9 39.7
64.4 55.1
90.7 29.2
51.3 55.3
30.2 64.0
64.5 7.7
61.6 63.2
27.4 74.6
58.9 59.9
81.0 83.2
29.9 8.6
68.3 99.0
26.3 15.3
69.8 85.1
22.0 60.2
25.7 35.4
1.7 16.4
24.9 68.9
95.9 25.0
68.8 64.8
45.7 12.1
61.4 34.5
43.2 47.0
73.6 5.1
71.5 70.0
60.3 45.9
93.5 13.1
33.6 13.5
64.0 72.9
88.8 15.3
30.3 0.5
94.8 75.6
34.2 7.1
36.8 42.3
56.5 68.9
72.4 45.3
41.7 64.9
6.5 12.6
10.0 5.9
24.2 47.6
70.0 47.2
61.7 83.4
0.0 43.5
26
0.0 5.4
3.5 39.1
77.2 19.7
2.4 28.9
36.1 91.3
98.3 67.9
52.9 77.8
88.7 27.9
68.3 10.1
85.4 79.6
74.3 82.6
33.7 15.4
15.3 18.1
87.6 84.6
28.3 85.0
34.9 71.0
71.5 14.3
54.2 19.8
90.1 86.5
46.0 94.6
52.3 86.5
75.2 37.3
24.2 2.0
0.4 38.0
72.2 62.4
0.0 50.7
59
0.0 88.1
55.5 57.7
59.6 99.5
33.5 41.9
63.7 30.1
21.6 61.3
88.5 21.8
88.2 72.8
6.1 7.0
10.6 33.1
75.1 59.7
78.9 41.0
97.8 82.6
73.5 23.0
41.1 83.0
61.2 58.9
44.6 81.7
45.2 31.3
94.2 76.7
60.9 55.8
16.4 64.4
40.5 67.2
36.8 7.7
19.7 34.6
3.0 98.2
76.1 52.6
34.0 89.8
32.3 48.2
4.3 2.8
40.8 83.0
88.1 21.9
9.5 6.6
95.7 99.7
62.8 76.6
42.4 58.7
6.3 68.4
72.4 79.1
17.5 17.1
73.1 46.8
40.7 26.7
99.6 78.9
14.9 91.3
76.4 5.5
48.6 55.3
46.0 53.9
95.1 91.0
27.9 71.2
97.5 82.2
44.7 56.6
8.0 67.7
74.1 91.3
19.7 44.3
23.0 42.9
60.5 35.2
95.8 65.3
43.5 14.1
32.3 48.7
11.0 11.4
0.0 97.6
77
0.0 4.1
12.3 53.7
31.2 44.2
2.7 21.9
42.1 85.8
24.4 53.7
52.0 96.9
57.4 85.0
45.6 14.1
48.9 52.0
75.4 61.2
19.6 33.9
38.9 38.2
4.4 70.7
75.4 47.2
69.5 69.9
65.9 3.5
27.5 43.2
35.1 20.3
50.2 57.1
45.6 16.3
66.6 44.6
45.1 28.6
20.7 89.6
29.2 93.9
23.5 92.9
61.3 53.5
46.6 71.1
99.6 42.0
43.0 78.8
45.5 89.0
2.3 66.2
9.9 14.1
12.5 40.5
9.5 82.9
11.1 15.7
55.6 96.6
99.3 36.9
74.7 4.5
42.3 82.6
86.9 58.5
49.8 74.4
37.0 82.1
97.6 84.6
24.8 4.8
48.0 3.6
6.2 34.2
94.5 3.5
50.7 19.9
28.4 100.0
48.9 68.1
40.5 52.9
29.3 76.8
22.5 73.4
19.1 15.7
3.4 69.1
26.5 48.9
19.3 73.0
42.5 74.1
55.2 15.8
27.5 69.2
42.7 19.4
26.1 80.0
67.2 22.7
74.5 57.6
12.7 81.3
24.0 27.2
69.7 87.8
41.3 53.9
79.8 6.6
63.8 52.1
17.3 51.3
76.6 15.9
71.5 21.8
93.3 24.8
62.3 42.8
0.0 9.6
53
0.0 3.5
14.8 80.5
89.4 5.1
28.2 37.2
21.9 84.2
5.6 10.9
57.2 4.5
69.6 36.1
45.2 96.5
64.3 40.2
96.0 2.2
11.4 91.5
16.3 32.2
70.3 41.9
47.5 74.9
76.9 24.2
84.7 41.7
83.8 69.6
22.0 79.2
72.6 41.0
71.6 29.3
20.7 46.7
12.0 90.5
43.0 69.4
58.0 64.7
38.6 46.7
80.9 43.7
17.2 72.8
91.4 93.2
44.6 29.4
54.6 89.1
35.7 61.2
67.7 89.9
29.7 46.8
3.8 10.6
8.3 47.3
11.6 86.2
75.5 62.8
2.1 91.7
9.4 62.8
29.0 44.9
73.5 37.3
24.9 38.3
66.1 92.1
89.5 62.3
48.4 46.9
80.5 97.1
78.6 49.3
29.4 63.3
40.0 92.5
38.3 50.5
15.9 36.5
0.0 77.4
39
0.0 46.1
22.0 13.1
66.5 80.1
26.6 87.5
86.0 6.8
78.6 40.0
100.0 35.2
65.9 82.3
51.6 64.6
88.8 83.3
6.9 92.0
91.4 58.1
38.8 78.7
52.6 79.9
91.9 66.4
99.5 41.3
78.4 33.8
41.9 67.4
15.9 38.2
68.8 62.6
25.4 14.3
48.4 42.0
97.8 85.8
12.6 39.8
48.2 49.5
76.4 4.7
4.0 53.8
27.4 69.2
44.3 91.8
60.6 6.5
80.6 54.6
97.1 68.4
52.7 82.7
46.4 89.8
84.0 28.7
52.3 51.8
72.1 89.3
60.0 3.1
0.0 42.7
13
0.0 45.7
56.3 34.0
69.2 28.8
56.5 13.6
12.0 64.3
11.6 22.3
90.7 50.0
75.3 53.0
21.1 15.9
72.6 27.0
73.9 99.5
67.3 78.9
0.0 62.1
54
0.0 90.0
28.8 98.1
64.3 23.8
35.8 20.7
87.0 77.5
42.8 21.0
20.9 60.6
82.3 55.0
33.3 96.4
91.1 53.7
37.8 59.1
31.7 71.1
6.4 89.4
22.6 81.7
42.6 3.4
96.8 76.5
35.8 13.3
48.8 42.7
71.6 91.1
79.8 11.2
54.8 58.3
43.0 82.7
94.4 69.3
18.2 25.2
24.9 54.9
26.7 11.8
29.1 68.1
68.0 90.9
71.4 74.2
35.9 64.4
84.6 94.1
60.6 93.4
97.6 16.3
31.0 25.0
66.9 24.2
70.1 95.2
45.4 25.8
21.4 42.7
49.5 28.1
72.2 99.6
4.0 55.5
20.7 62.4
65.8 47.9
52.5 51.6
19.4 82.9
49.5 20.5
34.8 35.6
13.0 40.3
3.3 41.3
63.2 39.6
51.7 93.1
83.5 27.8
45.4 85.0
0.0 37.8
15
0.0 91.3
96.3 1.9
20.4 30.2
82.7 86.8
4.2 3.0
10.0 99.4
7.9 73.2
90.3 83.0
28.1 17.4
54.3 17.1
67.0 67.6
76.4 59.8
14.7 72.8
52.1 6.8
0.0 50.3
33
0.0 60.5
30.0 13.1
76.1 99.1
33.7 19.1
9.2 79.7
57.1 47.0
50.0 19.1
32.3 25.4
54.6 18.8
52.2 28.9
92.7 13.9
2.2 37.7
28.7 20.5
11.9 31.1
62.4 92.1
1.2 2.2
83.2 13.9
70.4 5.0
28.5 51.6
87.4 92.0
25.8 28.0
14.2 61.4
40.7 96.7
4.6 75.5
44.8 18.1
35.5 40.5
6.7 33.2
64.2 50.1
60.9 67.0
9.1 67.3
71.3 27.2
19.1 71.6
0.0 87.3
20
0.0 80.2
81.9 88.9
86.4 11.4
35.9 75.6
52.0 43.0
53.2 55.6
31.2 5.4
61.1 98.1
61.2 66.1
69.0 26.2
90.9 58.8
56.7 2.6
63.6 11.3
50.4 20.9
63.0 12.0
59.1 17.8
82.4 13.7
12.7 69.4
90.1 33.8
0.0 57.0
80
0.0 44.3
43.3 16.6
23.2 91.0
75.6 63.2
94.3 44.2
80.4 42.3
52.0 2.0
81.7 62.9
8.0 90.1
93.4 0.3
14.3 72.6
73.5 33.8
71.8 86.3
53.9 70.4
68.9 4.3
95.9 33.5
91.0 38.3
15.8 74.8
30.6 19.1
63.9 75.6
72.4 67.0
79.1 2.1
81.8 15.0
62.2 61.7
35.6 24.3
10.6 89.2
71.1 92.1
86.1 44.3
7.4 78.3
31.5 16.6
26.8 42.4
33.2 16.8
54.5 0.7
94.2 62.1
18.5 43.4
69.3 47.4
43.4 66.0
13.0 86.6
4.2 81.7
29.9 63.1
61.8 16.8
30.9 10.8
36.7 38.8
96.7 48.7
77.2 86.5
53.8 65.5
26.2 0.9
68.4 77.5
3.9 93.4
28.6 27.0
11.2 19.1
23.8 92.2
28.9 95.6
64.0 16.2
61.3 24.6
2.8 70.4
89.5 81.7
49.9 55.0
12.4 3.5
100.0 63.3
62.9 24.7
13.3 52.2
13.4 97.6
53.4 76.0
19.6 39.7
56.4 90.9
32.7 63.0
36.0 98.3
76.0 87.4
41.2 60.1
23.9 42.0
88.9 13.2
83.1 78.6
9.1 35.6
63.9 52.7
45.0 30.3
43.3 8.6
10.4 33.1
67.8 18.9
0.0 57.1
68
0.0 55.6
44.7 41.4
27.7 89.4
60.8 45.1
23.3 49.1
91.4 28.9
23.5 24.9
33.9 82.8
45.6 90.2
31.6 91.2
27.4 37.6
59.8 44.0
53.4 97.0
62.3 65.7
38.5 30.6
50.0 69.3
13.9 68.1
70.2 38.4
11.6 65.4
18.6 12.0
87.1 33.4
24.7 69.1
36.3 52.5
82.8 43.6
24.7 35.3
61.3 26.2
34.0 62.4
96.7 34.7
22.2 46.7
61.4 9.3
62.7 76.1
60.8 82.9
15.5 78.6
95.4 51.3
63.3 58.5
96.6 72.6
1.1 55.1
30.5 83.5
42.9 18.9
65.7 13.6
47.8 38.1
50.9 21.2
2.6 93.4
50.1 87.5
97.3 36.8
45.9 22.9
95.7 59.3
75.3 53.7
33.4 54.1
4.5 65.7
98.6 97.5
71.8 90.6
38.4 11.1
92.9 96.4
1.8 77.2
36.8 99.5
44.6 79.8
14.1 4.2
99.0 31.4
2.8 95.9
31.5 65.7
91.1 96.4
46.5 38.3
40.1 37.3
63.4 32.6
76.8 96.3
31.7 89.4
0.0 25.9
40
0.0 20.5
0.8 90.9
60.7 94.9
91.6 83.2
31.1 72.0
22.0 12.9
11.8 10.1
89.0 83.0
42.4 62.1
50.6 11.7
55.3 88.5
2.5 80.8
41.7 71.9
10.7 25.6
49.6 71.8
68.7 90.3
1.0 63.8
53.9 25.2
12.3 77.3
37.1 6.0
0.2 14.8
41.7 88.6
31.1 87.4
66.7 82.9
62.8 59.7
44.5 98.1
98.5 85.8
43.0 79.4
46.3 29.2
51.4 45.2
67.7 91.7
86.1 4.1
18.8 2.5
26.9 95.4
82.5 64.6
7.1 9.1
64.0 69.4
45.4 97.2
75.8 77.1
0.0 69.8
28
0.0 8.9
80.6 31.7
29.9 72.1
51.1 2.6
16.2 62.4
19.1 41.2
79.6 54.1
76.4 46.2
88.0 86.2
38.3 67.7
48.8 41.3
12.5 94.8
75.7 63.1
75.1 33.2
35.0 74.5
32.9 35.4
66.9 27.3
37.1 40.0
0.2 88.6
90.4 91.1
25.6 7.3
25.0 81.9
21.3 61.2
53.0 100.0
32.2 24.4
50.2 6.1
6.2 67.9
0.0 66.1
29
0.0 50.0
83.4 16.9
31.7 24.4
39.9 65.8
91.1 23.7
82.5 67.2
26.8 2.8
36.8 45.8
53.4 10.2
41.8 98.7
64.9 70.2
28.6 82.0
64.5 41.8
80.5 81.7
9.4 44.8
66.5 51.3
68.0 90.5
74.9 10.7
11.5 43.2
58.8 91.4
68.8 38.1
14.6 100.0
94.4 64.6
81.7 50.3
12.2 66.0
44.8 65.3
59.9 31.2
54.6 7.2
0.0 6.6
36
0.0 32.6
70.0 98.3
14.7 69.3
90.9 11.4
66.4 36.6
56.2 96.5
66.6 63.2
92.9 62.0
87.0 66.2
5.0 75.5
46.8 97.7
14.6 39.5
34.5 10.5
35.4 44.2
66.7 22.9
27.2 5.9
92.0 2.5
62.3 5.8
87.5 10.5
75.6 34.5
68.9 39.0
87.8 69.0
48.8 82.7
84.4 78.0
82.1 53.1
66.4 29.9
23.6 41.9
22.8 49.5
52.0 38.5
61.4 31.6
55.2 39.0
7.5 33.3
69.2 91.2
37.6 35.7
14.8 77.6
0.0 98.6
92
0.0 28.0
12.5 11.6
31.1 50.6
45.8 6.0
7.1 7.5
72.0 31.5
84.0 90.1
15.0 25.6
40.1 98.7
93.4 9.6
37.0 56.1
79.2 3.6
30.6 59.1
14.2 84.8
42.3 38.1
60.7 70.6
71.8 5.9
41.8 71.0
43.9 67.3
57.9 25.3
67.7 24.9
81.9 89.9
23.6 24.2
8.3 2.9
6.4 69.3
32.4 15.0
61.0 66.6
17.4 42.3
78.7 55.5
19.3 98.8
8.7 45.1
76.3 32.3
56.5 26.8
70.6 28.4
44.0 46.6
8.4 81.4
74.9 49.5
28.0 8.5
85.0 91.9
48.1 98.0
40.1 29.3
10.3 57.7
8.9 31.1
47.7 24.7
84.8 11.7
11.1 29.3
55.0 7.4
51.4 55.6
63.4 12.5
33.1 33.5
11.9 60.9
23.0 25.9
98.6 9.7
76.1 7.9
8.9 45.3
67.1 14.1
46.5 42.7
39.2 80.1
94.3 80.6
97.2 99.3
72.0 59.9
49.0 47.6
26.8 20.3
60.7 86.4
10.2 81.9
29.2 23.6
88.7 89.3
69.9 46.6
44.6 45.1
51.4 23.8
96.9 43.7
4.9 85.5
90.9 90.5
18.7 90.1
62.3 29.0
83.5 79.6
73.1 28.0
97.0 79.0
91.2 68.7
32.8 36.1
81.1 28.1
13.5 26.1
65.2 85.6
29.8 59.3
33.2 44.0
36.6 24.9
67.1 13.8
5.2 70.0
84.2 34.9
39.9 29.6
4.2 95.8
0.0 75.2
93
0.0 95.4
94.1 79.0
69.0 99.2
25.5 78.7
62.6 37.2
72.6 23.4
59.5 10.6
17.0 86.8
60.5 44.9
98.1 11.6
88.8 27.8
29.5 3.8
85.9 93.4
86.2 10.6
41.4 74.5
10.2 91.9
92.5 33.4
24.0 12.5
99.7 20.0
67.7 59.9
90.9 38.4
82.0 80.9
79.7 32.3
8.9 56.3
43.0 29.1
20.0 59.9
12.3 79.1
94.8 76.8
90.4 66.6
39.9 0.4
74.6 2.2
68.1 16.1
65.2 48.3
25.6 67.4
7.5 88.0
66.1 67.5
96.8 99.1
15.7 84.6
15.9 85.7
52.5 98.7
63.2 97.8
28.3 95.6
53.7 78.7
44.2 17.9
55.5 98.9
18.0 10.4
75.6 79.5
83.4 60.2
50.1 27.2
6.8 61.3
63.0 23.6
21.7 26.9
54.0 14.9
91.5 57.4
33.4 86.2
84.1 86.9
85.1 1.2
4.5 48.7
25.3 76.8
63.5 14.0
33.6 93.0
29.6 70.2
37.3 31.8
10.2 50.6
17.3 64.0
95.0 45.1
9.6 44.1
5.6 84.1
20.3 29.5
70.1 9.3
67.8 39.6
32.5 74.6
2.2 69.8
36.6 68.7
96.7 96.0
7.8 34.8
7.7 95.4
89.8 81.1
16.4 28.4
39.6 62.9
63.0 22.0
32.4 37.2
96.1 21.6
60.7 23.9
8.1 42.7
35.7 25.5
27.6 35.6
56.9 37.5
69.9 16.5
57.4 19.2
47.8 67.5
31.1 50.0
0.0 65.9
99
0.0 62.9
33.5 86.8
61.7 95.8
61.7 9.6
51.9 12.8
51.4 50.9
42.2 95.0
68.2 48.3
28.4 51.9
65.0 98.9
64.5 46.5
4.5 27.9
35.8 79.5
43.8 9.5
21.8 87.2
38.0 67.9
19.1 8.0
66.6 80.7
39.5 75.1
26.9 67.7
93.7 41.9
70.0 2.7
72.2 50.3
10.4 98.0
34.2 79.8
75.4 95.2
5.2 96.0
8.9 54.1
84.8 81.1
96.6 84.2
37.9 67.1
92.7 4.8
26.6 32.0
27.4 12.9
95.6 38.6
78.5 39.5
67.3 41.2
86.1 32.8
73.3 2.4
94.4 21.0
39.8 32.3
73.7 88.1
66.4 35.6
25.2 25.1
95.1 50.7
25.4 3.7
0.8 84.6
2.8 85.6
87.3 15.8
16.2 22.0
84.2 28.8
81.1 96.6
19.2 75.7
39.5 95.7
13.2 40.9
34.9 22.1
43.8 97.5
33.5 76.6
31.6 78.4
87.1 93.2
77.7 42.5
17.8 27.9
80.3 64.2
44.3 71.9
74.8 62.9
49.0 90.7
79.6 71.5
55.2 33.3
69.2 67.1
59.0 56.6
16.5 41.3
69.2 8.1
61.7 97.8
69.2 30.0
45.9 69.8
68.0 66.4
51.2 30.1
91.7 25.6
95.6 23.2
45.1 77.0
46.3 9.9
72.9 32.4
56.9 63.3
75.9 46.8
21.1 24.9
11.7 75.5
69.4 67.3
61.1 59.5
18.1 47.1
79.2 79.0
50.4 67.7
20.2 76.5
44.7 78.5
65.5 53.8
68.9 66.2
7.3 60.8
90.5 80.2
74.3 37.6
0.0 69.7
83
0.0 85.2
92.8 16.9
94.3 11.2
72.3 16.5
90.6 81.2
62.3 48.1
94.8 73.1
66.4 5.9
17.0 72.4
43.7 6.3
30.4 56.9
92.4 33.5
45.1 65.0
63.7 82.4
49.5 81.9
55.2 20.9
59.2 29.9
67.2 55.7
65.4 8.9
16.2 75.1
68.4 76.6
84.2 13.4
70.5 16.9
46.2 89.7
18.7 32.8
50.9 31.2
7.3 70.6
7.0 24.0
91.5 2.9
28.3 59.6
29.0 9.7
79.3 39.3
75.4 37.8
27.8 39.0
66.3 61.6
95.8 95.4
46.4 89.8
29.6 74.9
63.2 70.5
3.0 26.2
81.7 55.7
27.4 41.7
25.7 45.6
80.8 5.6
72.7 38.3
66.6 59.2
43.6 9.1
48.1 22.0
32.9 87.3
79.9 3.6
51.0 41.9
6.0 50.9
88.6 39.5
10.4 41.4
38.9 19.3
35.9 77.7
12.6 97.8
91.7 35.3
27.6 86.1
69.5 19.8
76.9 56.1
27.8 36.6
63.2 42.4
2.6 49.9
57.4 33.5
47.1 54.0
37.8 51.7
26.1 75.9
21.7 53.6
25.5 14.3
92.3 0.3
1.1 0.7
55.6 21.5
15.7 72.1
42.5 55.6
13.5 17.0
36.2 78.8
3.4 74.8
97.0 66.2
84.4 18.8
52.7 45.5
79.0 31.4
0.0 76.3
99
0.0 92.6
83.7 14.7
95.5 22.0
7.1 12.7
91.1 52.2
36.9 49.2
54.0 13.5
44.7 98.2
96.2 84.4
84.1 78.6
63.5 79.6
53.5 9.7
19.3 51.1
2.4 15.6
18.9 12.4
29.3 99.4
98.3 47.2
57.3 22.7
45.6 30.6
51.8 99.5
98.3 71.5
44.9 37.2
30.1 82.4
83.6 7.0
29.6 58.4
34.8 37.5
73.2 53.7
51.0 24.9
60.0 87.9
34.7 79.8
80.8 0.8
48.2 84.6
50.8 81.0
4.8 53.5
84.3 41.5
84.6 12.7
6.7 50.2
76.8 92.3
97.8 67.9
17.7 82.3
22.9 62.7
57.9 26.1
14.9 39.6
7.3 61.6
54.3 11.2
13.6 20.2
1.9 10.4
56.5 13.0
49.3 2.5
54.6 52.2
47.7 61.7
66.4 98.2
29.0 27.2
90.3 91.6
61.5 33.7
40.8 73.8
50.8 20.0
50.4 62.8
30.9 78.4
23.9 7.3
35.9 71.9
18.6 29.5
9.7 95.0
15.0 33.9
76.5 3.6
11.3 9.5
7.0 30.6
49.8 38.6
74.1 40.2
37.8 0.3
85.8 75.2
43.2 84.8
45.8 1.8
95.3 77.4
26.4 72.9
2.0 70.7
84.6 52.4
67.0 44.4
98.2 75.4
1.9 85.7
43.5 74.2
59.9 66.5
2.9 34.9
28.7 65.7
93.9 42.2
43.1 95.1
38.7 81.1
44.6 9.2
4.2 49.7
65.8 43.7
55.7 89.5
63.0 43.3
74.0 58.5
7.3 5.8
39.8 47.4
38.1 89.8
55.3 98.8
74.0 69.0
0.0 88.9
79
0.0 27.5
24.5 47.5
55.6 89.3
63.5 52.5
24.0 6.8
68.1 12.4
65.4 59.7
82.9 56.9
52.2 50.0
76.4 28.3
16.3 35.2
34.5 12.1
9.1 42.1
96.8 47.1
36.3 16.6
27.5 22.8
64.3 55.7
39.7 89.0
23.2 39.4
35.3 5.8
48.9 83.3
0.9 75.0
29.5 80.4
15.2 91.4
75.1 58.2
50.0 89.6
72.6 93.9
38.1 57.7
55.4 20.9
14.5 8.4
1.0 34.2
7.1 80.4
99.4 5.5
74.3 96.8
72.6 43.9
76.9 65.2
5.5 33.7
4.3 22.5
28.4 6.5
51.6 72.0
64.3 86.1
48.4 45.1
22.8 69.2
62.4 38.2
62.9 14.6
16.4 69.8
44.8 63.2
24.5 42.1
65.9 48.5
73.8 5.8
44.7 24.2
19.3 45.8
54.0 59.4
7.4 74.4
11.1 76.3
56.6 43.3
56.6 51.8
5.8 90.3
32.5 28.7
60.2 65.0
11.0 3.4
33.9 46.9
20.3 89.4
20.2 87.1
10.7 24.6
94.1 96.3
86.6 26.4
43.8 43.7
42.1 88.3
83.9 82.8
37.7 81.5
84.3 86.1
45.3 89.0
10.9 25.9
61.3 26.4
43.1 90.0
34.5 22.4
18.4 5.7
0.0 95.1
45
0.0 42.1
20.6 32.2
33.9 87.1
48.9 72.4
11.1 57.7
22.9 67.7
11.6 23.6
49.7 11.3
81.1 51.6
55.7 87.2
21.2 90.0
80.9 95.1
49.9 94.9
33.4 84.9
35.9 50.3
71.8 36.9
67.3 11.6
61.2 31.4
61.2 51.3
42.1 12.7
81.5 89.5
24.4 41.8
53.5 58.9
68.5 36.5
11.8 98.0
96.3 62.0
29.4 94.7
93.0 63.6
72.8 81.0
86.9 77.7
33.0 71.9
14.3 80.7
58.6 20.8
46.9 9.3
23.5 23.6
10.3 8.0
33.0 74.1
37.5 41.0
63.2 60.0
56.1 33.0
59.8 5.0
0.9 64.0
59.3 72.0
53.0 25.6
0.0 22.1
55
0.0 76.3
38.5 97.5
31.3 68.5
11.0 59.8
26.9 72.3
28.0 6.2
78.7 44.6
67.1 53.1
50.2 51.9
21.8 23.9
87.2 97.3
32.7 27.3
97.6 69.1
19.3 81.9
60.6 85.0
52.0 41.1
78.1 9.7
47.0 81.5
94.3 65.3
53.0 66.2
94.4 63.9
31.0 70.4
77.9 13.4
1.2 21.1
49.5 55.8
23.9 53.2
34.9 61.7
44.0 48.7
24.5 34.4
85.9 45.9
0.1 2.5
79.4 1.3
54.6 31.4
60.5 84.9
90.7 55.5
12.8 5.2
37.1 18.7
17.1 69.7
76.7 84.7
83.1 29.9
4.0 81.6
87.1 31.6
92.8 63.8
89.1 46.5
36.2 40.6
60.0 69.1
5.6 67.4
94.7 47.3
15.5 87.6
89.5 7.8
83.1 26.8
34.5 62.9
78.4 48.7
55.4 83.4
0.0 56.1
37
0.0 77.1
38.0 64.1
84.2 19.5
99.2 59.7
82.3 18.2
48.2 42.6
81.5 75.3
32.0 65.4
46.7 33.6
5.0 80.2
26.8 75.9
16.5 62.8
2.0 24.4
30.9 42.1
89.1 2.7
88.0 46.4
54.2 26.4
10.3 22.5
26.6 25.6
43.2 92.3
95.0 88.2
22.7 51.3
66.3 67.3
35.0 41.8
54.5 10.5
69.9 37.4
4.5 94.8
5.5 47.0
48.5 94.1
24.2 58.9
53.0 93.1
79.5 72.4
49.4 26.5
24.9 0.2
23.1 8.9
65.4 79.7
0.0 16.4
48
0.0 7.9
61.2 26.3
64.9 52.9
40.2 67.9
35.0 95.1
97.6 85.2
72.0 58.2
67.8 98.1
39.3 43.2
26.4 61.8
99.0 3.3
90.1 39.0
33.4 93.9
27.9 41.5
20.9 10.5
5.3 28.8
71.1 83.6
90.2 86.8
61.0 88.7
60.5 71.7
79.0 95.7
85.4 60.3
93.8 24.7
82.1 89.4
85.7 14.2
86.9 89.2
35.1 23.3
67.7 46.4
33.8 94.8
33.6 64.0
38.3 98.8
79.4 9.2
24.7 1.5
68.5 16.1
63.3 15.5
79.0 7.0
20.9 60.8
82.7 11.0
99.6 9.7
32.9 60.6
49.9 31.0
63.8 41.4
46.9 55.9
29.1 6.1
20.5 5.8
93.6 39.9
5.1 89.0
0.0 84.9
34
0.0 36.0
44.0 87.0
32.6 38.6
83.9 89.3
50.9 12.7
89.2 18.5
15.6 16.2
50.2 93.2
46.7 39.3
86.8 62.2
74.0 24.4
3.2 60.5
92.4 2.2
34.1 28.4
81.3 33.0
31.1 52.5
36.4 4.5
83.8 32.1
54.5 100.0
88.5 22.3
46.4 87.5
33.1 48.2
35.1 97.1
93.9 56.5
68.7 52.3
89.9 1.4
12.6 76.7
55.0 60.5
81.5 34.1
98.6 60.3
14.9 71.7
77.3 84.5
65.2 79.3
0.0 49.8
69
0.0 27.6
69.4 34.8
27.8 19.6
79.2 30.1
64.7 93.5
25.4 58.8
95.3 0.7
97.5 78.7
76.7 43.9
62.6 81.6
72.2 25.2
11.3 87.9
20.7 80.2
52.4 83.9
0.3 32.1
84.3 22.5
47.6 69.9
1.0 26.8
94.0 26.2
82.7 28.1
33.0 24.6
77.7 62.9
58.8 0.5
62.7 96.6
84.0 59.3
0.3 79.8
11.3 97.1
96.6 25.5
23.9 54.6
95.1 8.1
48.6 55.8
63.2 24.5
83.4 60.5
8.3 25.8
1.9 69.7
72.4 93.4
91.0 35.9
92.8 99.0
35.2 17.6
1.5 43.3
96.8 68.7
7.6 3.1
55.4 53.1
74.7 49.5
2.1 63.4
85.2 81.3
69.4 84.2
25.4 14.5
55.6 63.8
46.5 92.0
65.3 29.1
69.8 20.4
22.6 32.2
66.9 95.2
95.5 55.2
0.1 39.6
67.3 36.2
84.1 59.8
13.7 17.2
35.1 52.5
6.9 68.6
88.6 74.8
40.9 67.8
88.8 70.6
5.7 18.9
3.5 91.4
84.1 96.8
7.4 59.5
0.0 37.9
47
0.0 46.7
52.4 56.3
1.8 89.1
20.5 69.9
89.8 56.0
93.1 19.7
58.9 61.5
37.1 29.9
91.2 43.1
16.4 83.0
44.9 4.8
72.4 28.2
64.0 52.9
1.2 91.1
77.3 76.6
64.6 8.8
17.9 73.0
14.2 93.3
30.2 26.3
52.6 94.0
25.4 75.2
68.6 94.0
45.8 66.2
13.5 34.1
42.5 77.6
82.1 1.4
43.5 29.6
89.2 82.3
35.8 98.6
42.1 62.2
47.7 78.9
55.5 58.4
94.8 63.4
81.0 49.1
64.4 92.6
20.9 81.5
55.6 44.2
96.3 26.8
39.8 34.1
13.0 32.9
60.8 89.4
79.1 61.3
62.9 53.8
5.1 51.6
39.1 70.2
78.0 83.3
0.0 95.6
67
0.0 11.0
38.0 67.9
33.4 11.5
86.1 12.4
72.3 10.7
39.0 70.0
4.6 33.7
55.6 64.5
85.6 10.0
86.0 37.7
2.8 9.3
44.3 10.3
71.5 62.3
51.5 35.2
98.5 30.3
47.3 76.1
76.7 13.4
24.1 56.8
50.3 75.7
82.7 45.8
84.2 8.2
22.8 15.5
82.2 68.9
99.8 25.0
21.1 90.6
20.4 6.0
98.9 29.8
79.1 83.6
29.0 8.3
58.5 55.6
55.1 29.7
89.7 59.0
8.8 99.7
54.4 77.7
74.2 35.5
65.2 14.0
82.8 52.6
27.5 11.3
59.6 34.8
99.0 49.1
75.0 91.8
25.2 96.4
57.7 5.4
31.2 90.7
83.3 89.6
28.8 83.1
53.4 46.4
64.5 36.9
82.2 5.0
82.4 29.6
25.1 56.2
93.4 37.8
40.7 29.4
30.3 38.9
52.0 34.7
13.6 49.1
28.7 38.7
93.9 66.0
11.9 92.2
5.9 69.4
80.6 64.2
15.4 75.2
73.9 7.2
34.1 47.5
62.9 94.0
9.3 60.2
0.0 6.5
71
0.0 1.0
95.1 61.0
96.3 7.5
54.2 46.2
14.5 47.7
56.8 93.1
84.7 41.2
94.5 95.3
51.6 75.3
10.6 96.0
98.1 46.3
63.7 27.6
32.5 12.1
87.2 90.5
58.6 45.4
94.2 97.1
57.8 45.0
72.0 69.6
61.9 58.1
2.5 31.9
49.8 27.3
63.5 31.5
69.0 55.3
78.8 29.6
29.3 52.6
43.4 24.5
56.9 66.8
76.7 47.3
71.2 79.1
6.7 37.7
3.8 46.2
57.7 80.9
14.6 46.4
15.0 30.3
0.1 74.3
27.0 69.8
88.9 92.8
54.8 4.4
26.1 8.6
65.7 71.1
64.0 62.5
66.0 59.7
94.6 44.2
46.2 25.5
81.7 98.7
15.1 87.6
85.4 55.2
91.3 8.9
38.4 31.2
67.1 49.9
71.5 41.9
54.0 21.1
57.1 6.3
12.0 67.5
34.4 47.6
89.0 40.0
25.9 98.8
75.6 13.2
44.7 74.0
41.2 53.3
34.0 53.5
46.3 88.1
69.2 30.6
39.1 10.3
18.4 43.2
25.4 95.1
50.4 32.2
55.3 84.5
57.3 55.9
58.1 60.6
0.0 73.2
98
0.0 97.8
20.8 80.4
88.6 29.8
24.1 93.2
54.3 96.8
46.2 35.5
70.5 32.7
32.8 49.8
87.3 59.4
90.4 26.8
67.6 85.2
46.7 17.7
89.5 70.0
96.0 61.5
86.7 15.7
95.2 11.4
56.4 31.9
27.6 32.8
81.7 9.8
47.0 46.5
58.1 91.9
98.1 91.6
24.3 19.0
70.7 36.5
45.2 99.0
96.3 93.5
96.4 77.6
55.9 40.5
45.4 63.1
50.6 68.2
71.5 68.2
81.2 89.8
65.5 90.7
44.3 45.9
67.0 25.7
5.0 8.2
76.1 44.4
13.9 55.6
33.7 96.7
55.6 12.7
42.6 65.0
1.5 94.5
4.3 4.8
91.6 6.6
70.0 56.7
80.6 46.5
71.8 63.1
63.5 90.7
96.1 98.2
88.8 25.7
56.3 85.8
38.7 35.9
50.8 73.8
18.5 70.9
30.7 34.8
59.8 83.3
38.9 18.9
83.8 95.8
44.2 60.1
89.6 17.6
47.5 34.5
44.9 50.5
87.6 92.7
26.9 80.0
33.7 4.5
84.6 11.3
22.3 76.6
97.0 97.4
17.1 17.6
53.4 67.8
63.5 60.6
55.6 12.6
1.6 74.0
4.2 74.4
89.6 51.5
25.4 13.0
37.8 23.3
73.6 68.4
56.6 85.6
61.4 13.5
84.3 73.0
62.0 63.7
3.6 92.5
68.8 68.5
84.9 16.4
96.0 61.1
16.9 49.2
96.3 46.6
42.5 85.1
82.7 8.9
50.7 53.1
85.4 95.5
28.0 26.6
82.9 96.6
91.0 7.7
67.3 38.7
42.3 74.9
0.0 29.8
83
0.0 32.4
47.6 26.0
71.5 51.8
77.2 37.0
88.1 36.4
17.8 30.9
83.4 35.9
58.6 59.4
7.8 36.9
77.2 81.1
54.8 28.4
13.5 28.5
71.0 62.4
50.9 85.3
44.3 6.7
24.1 41.2
70.4 54.5
64.4 97.5
42.2 37.4
25.2 93.4
65.8 30.7
83.5 5.8
13.9 52.6
42.3 12.1
68.3 80.9
1.7 87.3
6.6 88.9
83.1 46.0
39.7 23.3
23.5 84.8
45.9 24.7
57.2 46.3
19.2 97.9
9.9 76.4
93.4 4.6
34.0 35.4
32.6 8.2
22.1 38.2
98.4 77.9
66.4 93.6
90.6 32.2
59.6 58.3
78.1 43.1
69.6 95.5
60.7 20.8
79.1 27.4
35.8 93.1
84.6 23.0
78.7 44.3
26.0 6.5
47.2 86.4
29.2 0.5
58.7 61.4
86.8 95.0
72.8 42.1
82.1 2.9
97.8 60.0
31.8 75.7
22.8 96.6
49.7 76.7
59.3 72.1
65.2 32.6
74.9 19.5
30.0 2.2
34.1 28.1
67.9 61.4
81.1 43.2
69.4 44.6
94.4 23.4
88.1 69.2
83.2 89.3
16.6 38.5
90.7 54.2
1.2 63.6
32.1 62.6
65.4 5.5
82.1 62.5
26.1 93.8
42.2 34.8
67.4 87.4
29.9 32.2
7.2 17.5
0.0 8.9
34
0.0 47.7
88.5 52.6
82.0 52.5
82.0 14.9
46.0 32.8
28.6 47.0
64.9 53.7
82.4 83.6
30.1 32.2
43.1 62.1
30.6 22.7
26.0 75.3
38.1 77.1
54.4 53.5
16.0 11.7
69.6 86.1
40.1 18.2
73.7 42.5
80.8 70.4
79.4 29.8
30.4 86.1
79.3 97.9
82.5 13.2
4.8 43.2
87.1 75.3
14.9 24.7
47.8 23.5
53.2 73.8
54.4 86.6
2.2 49.4
4.4 67.2
99.0 1.4
64.2 35.4
0.0 91.0
89
0.0 4.3
43.2 37.8
44.6 11.8
60.5 31.9
89.8 40.2
82.3 9.8
3.3 32.8
71.9 17.8
35.3 17.2
17.4 19.0
40.2 10.8
15.9 45.4
61.0 0.4
66.1 5.5
72.8 68.6
3.6 86.8
66.6 83.2
13.2 97.2
53.5 57.5
43.9 82.6
10.4 89.6
61.6 64.6
43.3 3.1
70.3 74.8
65.2 75.1
67.4 64.1
23.4 20.6
48.3 59.0
42.4 62.5
18.4 25.3
89.8 1.7
92.7 11.6
86.9 83.0
81.4 27.6
98.3 40.6
55.6 54.1
95.4 97.6
48.6 29.5
57.3 85.8
83.6 62.1
23.4 98.2
49.6 67.0
18.9 53.9
65.4 98.8
30.9 40.6
40.4 22.8
80.2 13.4
94.2 22.2
12.6 26.9
76.2 19.7
5.4 85.7
88.9 6.6
55.7 64.5
49.3 0.9
96.4 76.5
99.2 30.5
66.3 3.2
98.1 56.6
43.3 3.1
79.6 59.3
8.1 37.0
91.7 36.3
90.4 75.1
8.7 83.5
24.8 61.4
58.6 83.8
2.6 23.7
97.2 48.7
17.1 20.7
26.5 89.1
52.0 68.0
85.0 90.0
24.4 89.0
15.8 4.1
79.5 95.2
80.1 52.5
32.9 74.9
88.2 8.6
74.7 22.7
34.3 20.1
4.0 29.5
4.7 23.1
49.7 9.4
94.2 77.4
3.2 21.8
70.4 60.6
12.1 30.3
14.9 27.2
0.0 33.1
69
0.0 80.6
24.3 14.1
20.3 27.4
28.1 13.3
58.9 64.7
72.1 46.5
69.5 14.1
56.7 51.6
50.5 84.6
79.8 54.7
30.5 48.8
60.6 16.6
75.8 42.0
41.7 23.0
1.1 10.6
70.8 72.8
10.8 66.8
22.1 33.6
7.6 88.8
0.2 79.1
34.0 57.6
28.1 4.7
15.8 84.1
43.5 92.3
29.4 60.3
16.7 54.0
56.7 25.4
71.3 32.2
91.5 40.4
19.5 68.3
35.6 49.7
10.4 77.4
53.4 19.0
39.8 11.5
85.6 75.2
17.2 8.9
43.2 75.5
78.9 12.6
82.9 73.7
69.5 9.6
62.4 10.6
62.3 38.9
90.2 31.4
3.3 18.2
78.3 4.2
69.4 56.8
13.4 31.8
77.3 79.9
90.9 50.2
80.9 49.4
16.2 71.3
13.2 8.5
30.5 66.1
8.4 70.3
26.5 8.7
72.8 43.1
16.8 58.7
12.0 62.0
12.4 52.0
81.6 7.7
76.9 65.4
93.5 37.4
77.7 56.1
44.8 65.4
41.7 0.3
82.8 30.8
38.0 17.9
65.9 90.0
0.0 85.1
26
0.0 58.7
45.4 53.7
8.4 6.8
52.5 25.2
49.1 51.3
80.2 70.0
76.6 48.0
2.9 74.8
18.6 95.9
81.9 97.6
55.8 70.7
61.0 96.7
18.8 33.1
36.2 11.3
17.3 15.2
55.7 0.3
80.1 53.9
62.3 52.7
34.3 89.2
77.9 55.3
7.2 14.8
16.8 67.6
55.0 96.3
14.9 16.5
95.6 79.1
0.0 93.4
51
0.0 33.7
60.0 13.7
22.4 92.3
30.1 24.3
15.8 54.0
34.3 90.9
59.3 22.5
13.4 76.5
6.4 22.5
57.9 92.1
96.0 64.2
28.8 20.9
89.8 93.0
53.5 19.5
31.2 20.2
87.2 84.4
86.5 15.2
32.4 26.1
86.0 15.7
81.9 36.4
23.1 31.8
83.8 98.1
56.9 10.3
50.3 1.8
35.7 66.3
67.5 82.4
67.4 21.3
64.0 67.7
93.7 72.6
19.0 37.2
33.5 31.6
70.5 2.7
91.4 80.4
67.7 6.0
17.2 88.6
79.9 82.7
11.1 53.1
63.7 82.9
5.8 37.3
81.5 33.3
52.8 21.3
44.6 61.7
86.7 68.3
36.8 67.9
67.2 1.5
2.6 45.9
50.9 28.5
62.8 11.0
13.4 7.6
87.9 91.7
0.0 11.3
55
0.0 15.1
35.6 53.9
17.8 33.0
89.7 31.5
97.3 28.5
90.9 18.0
99.2 91.4
54.3 52.7
55.3 73.4
59.5 77.1
87.4 36.0
52.4 15.0
29.2 11.2
17.2 55.3
49.6 72.0
92.7 91.7
53.3 60.3
97.6 75.3
74.3 54.3
66.5 47.1
28.3 55.6
40.1 62.2
70.0 36.5
1.6 37.4
22.2 89.9
1.1 4.8
41.5 62.8
10.1 6.4
90.6 29.6
74.3 43.8
71.0 55.7
29.1 80.3
78.3 39.6
52.1 68.2
83.0 39.3
56.5 85.1
81.2 41.3
100.0 89.0
74.6 86.0
83.2 29.4
12.0 92.2
40.5 45.7
0.5 24.4
0.6 90.0
95.4 38.9
14.8 60.3
93.1 27.0
6.5 44.8
75.2 70.5
86.3 72.8
63.2 11.1
6.1 67.2
64.9 52.9
78.2 37.2
0.0 57.0
95
0.0 88.3
81.1 97.9
39.7 9.6
52.4 18.7
98.2 11.0
62.9 87.6
67.4 11.7
91.7 76.2
39.5 63.7
92.4 3.8
93.3 74.1
29.9 24.8
12.1 86.9
41.1 26.5
52.1 24.9
23.4 42.3
8.8 9.9
36.4 30.4
90.6 7.8
29.2 94.0
32.5 4.0
59.2 96.1
4.3 83.8
78.7 4.3
43.4 0.8
66.7 46.3
70.9 64.3
16.6 56.9
58.3 28.8
87.7 40.8
94.5 24.5
6.0 84.3
69.3 60.5
12.8 37.6
39.2 61.0
23.0 89.5
89.4 81.7
88.1 53.6
21.1 75.2
18.8 39.4
22.5 25.7
58.4 99.2
74.0 48.3
33.7 33.2
32.9 16.8
80.5 67.4
67.5 30.9
35.3 39.8
93.5 52.5
54.1 78.5
35.5 59.0
1.3 42.2
89.5 98.4
73.0 96.9
78.4 92.3
39.1 8.2
33.9 13.8
31.0 34.6
0.3 72.9
7.2 9.6
89.2 0.6
92.5 99.0
99.9 82.5
80.3 25.5
83.4 52.6
35.0 54.7
46.0 99.3
36.0 95.9
89.5 30.5
86.5 75.9
50.4 44.9
95.6 92.0
76.3 22.9
5.1 87.7
49.8 15.5
33.6 63.0
50.9 1.6
0.6 83.1
9.1 50.3
39.5 3.3
46.3 40.8
53.0 87.2
78.7 93.3
20.1 27.2
99.8 66.5
49.4 98.6
65.9 36.1
11.8 84.4
45.0 5.2
20.7 89.3
17.3 30.8
21.6 49.6
62.3 27.9
58.8 33.0
0.0 82.7
85
0.0 30.0
38.7 94.3
39.0 87.5
46.4 28.5
9.2 51.9
83.2 20.6
83.2 15.4
92.9 27.2
41.8 21.7
6.6 97.8
75.7 44.4
66.6 13.1
34.3 21.7
55.3 60.2
77.7 58.3
13.9 84.7
4.4 74.3
64.5 99.9
51.0 72.1
12.9 60.9
27.5 55.3
65.1 53.3
17.9 72.8
5.0 75.5
21.8 5.8
22.5 86.7
70.4 77.5
65.4 22.3
83.3 32.1
47.0 71.1
24.4 95.8
33.4 65.1
12.5 8.4
68.7 33.0
62.8 10.0
10.5 40.4
73.0 71.8
69.9 90.7
44.5 22.5
87.2 56.1
83.4 81.2
21.6 11.5
3.4 21.9
78.4 64.0
44.6 98.0
60.6 29.8
6.9 39.4
22.9 72.7
1.6 96.9
43.6 27.2
52.7 20.2
52.2 3.7
4.3 67.5
79.1 45.8
18.6 8.8
35.1 33.2
97.0 58.8
71.8 80.1
40.0 36.3
30.5 10.4
28.2 47.1
19.6 39.2
3.6 39.2
44.5 66.1
66.5 33.0
99.4 89.0
7.7 87.2
51.5 59.7
47.2 94.5
29.5 73.5
96.4 9.9
35.1 44.1
71.8 85.3
48.3 10.3
29.5 86.7
48.4 24.1
68.7 96.2
57.8 79.8
52.7 96.4
41.6 72.7
51.4 66.1
87.6 10.1
96.9 44.8
88.3 37.8
0.0 29.6
97
0.0 86.7
20.1 5.4
55.9 6.6
69.9 36.7
71.3 98.4
83.0 24.5
13.9 89.2
94.4 98.0
11.5 22.0
23.3 24.1
54.9 43.7
33.8 64.6
81.2 24.1
27.0 94.4
98.9 20.4
7.6 88.2
89.2 37.0
68.9 1.8
17.2 40.9
99.7 32.5
64.0 52.4
69.8 76.0
83.1 20.8
66.0 8.6
6.8 67.8
6.5 33.5
14.2 38.2
72.6 10.6
42.9 75.7
8.9 72.6
22.7 3.5
25.1 53.9
8.8 12.2
63.1 96.6
98.8 44.1
37.8 92.0
41.0 69.9
13.8 31.4
99.2 0.6
90.4 89.2
12.4 35.6
57.7 14.1
91.8 27.4
54.7 39.4
85.6 76.3
84.0 99.1
2.7 5.4
46.3 50.6
3.3 39.9
26.1 77.6
49.0 71.1
5.5 34.2
16.7 98.8
16.3 6.1
50.6 65.6
41.5 20.2
67.5 60.7
25.8 92.8
18.6 42.7
17.3 16.7
77.9 62.6
18.9 56.9
94.2 17.2
47.3 5.7
59.3 5.0
77.1 65.7
19.6 60.0
79.5 45.6
36.4 63.3
41.3 81.9
78.1 86.4
26.4 51.3
30.7 53.8
79.1 75.7
87.9 45.7
24.8 60.1
64.0 88.8
85.8 66.3
13.1 32.4
98.2 13.5
53.5 95.3
62.4 31.4
46.6 11.5
97.2 83.8
24.7 60.2
81.3 23.3
36.1 66.7
88.3 34.0
6.4 7.7
76.1 8.4
89.0 73.5
49.4 47.5
49.6 84.9
43.8 34.9
60.9 56.9
84.6 50.5
0.0 72.6
19
0.0 13.0
3.8 29.4
30.8 62.0
20.9 88.4
2.0 69.2
44.4 81.3
28.6 17.0
53.5 37.4
16.1 63.2
16.2 96.5
75.2 40.6
96.9 71.0
46.6 57.4
14.3 39.9
69.1 24.3
71.0 53.1
72.5 93.8
80.4 40.4
0.0 24.2
73
0.0 21.8
28.0 82.2
96.7 75.3
87.8 84.1
4.2 13.4
26.7 98.9
75.5 34.5
58.8 39.0
8.5 24.2
64.7 1.3
5.3 43.7
8.9 2.8
89.4 51.0
49.0 19.7
98.7 42.8
77.3 97.1
64.6 96.6
8.3 16.9
36.4 42.9
92.7 55.0
56.6 87.7
57.7 32.7
32.7 46.1
15.5 64.8
79.7 32.5
17.0 58.8
71.1 38.2
99.7 18.6
23.7 83.0
73.5 16.7
36.1 3.6
68.7 67.9
87.1 85.1
43.3 11.5
71.6 24.4
35.2 84.5
75.8 3.2
5.1 63.0
68.9 41.5
9.5 35.2
6.7 2.3
72.6 31.2
58.5 38.3
32.2 35.4
24.4 1.4
76.2 72.5
65.9 51.5
50.9 40.1
66.5 11.4
87.3 22.8
5.1 70.7
72.4 77.8
39.5 42.0
89.2 89.1
97.7 52.1
1.5 9.7
66.8 64.6
38.1 5.2
52.8 52.6
29.6 66.2
50.5 17.2
45.2 10.0
44.9 77.0
27.9 15.1
81.5 26.2
87.6 33.2
0.7 85.6
81.6 87.9
51.5 94.4
77.2 66.3
59.2 74.2
83.3 84.2
0.0 26.3
45
0.0 64.0
84.0 13.4
58.9 82.5
2.3 81.5
47.0 65.1
90.5 69.4
89.1 25.5
93.2 56.4
18.5 75.5
98.0 95.3
67.8 10.6
26.6 2.2
35.4 13.5
95.9 3.2
44.4 8.2
66.8 88.2
92.5 39.3
95.7 84.3
38.5 62.5
90.5 3.8
61.8 58.9
47.4 36.4
57.3 85.2
46.3 52.8
93.9 66.8
56.4 86.7
80.0 42.1
47.0 18.2
10.4 71.5
43.1 79.2
52.8 85.5
49.2 69.1
38.5 46.6
21.8 8.7
96.8 44.5
32.9 9.8
50.3 47.3
31.1 16.9
80.7 63.8
54.9 19.4
97.9 59.9
41.6 89.9
79.0 7.6
68.4 83.0
0.0 16.2
55
0.0 74.8
50.3 71.0
87.3 84.6
26.9 2.7
97.3 23.8
55.0 78.7
13.5 90.2
85.5 58.4
5.9 48.2
95.7 31.1
33.2 24.9
77.8 28.0
71.4 88.7
25.0 7.2
47.5 41.6
55.5 5.6
33.4 51.6
87.7 71.5
39.5 38.7
78.0 82.6
50.2 38.2
68.5 77.5
59.9 17.9
86.4 67.4
59.4 9.0
37.5 50.3
51.1 29.8
73.0 98.5
89.7 17.9
35.9 90.5
76.4 85.9
66.0 9.3
9.6 11.3
42.9 20.4
43.8 16.1
41.7 92.3
53.9 67.5
87.8 69.2
18.8 86.3
85.3 16.8
11.7 83.2
64.9 45.8
99.2 86.6
30.7 9.3
45.3 12.3
62.4 58.3
93.4 72.9
58.2 37.4
7.0 67.9
66.1 57.5
26.5 23.8
12.9 72.9
50.4 90.0
9.8 40.1
0.0 68.1
57
0.0 23.2
7.3 4.4
5.3 68.9
38.6 37.4
77.8 12.4
50.7 56.9
57.0 34.2
31.9 67.1
53.9 44.7
38.1 77.2
1.6 7.1
29.3 39.8
15.1 5.9
83.7 49.8
56.6 68.9
21.0 10.3
70.3 78.6
4.5 78.2
11.0 4.9
42.2 4.8
13.1 26.0
77.0 57.8
50.8 49.6
87.8 76.9
79.3 41.8
99.8 19.7
85.9 94.8
72.9 15.5
0.4 9.2
71.1 38.6
26.5 92.7
47.2 51.1
9.6 70.0
55.5 81.8
35.4 25.3
7.0 12.5
33.1 88.6
39.5 98.5
21.9 18.1
54.2 48.7
60.0 21.7
85.2 46.6
96.9 98.2
93.5 98.0
4.4 17.1
60.4 53.9
79.8 92.6
85.6 47.2
77.5 22.8
53.4 39.2
2.4 73.6
80.7 3.0
69.9 47.6
47.5 13.8
95.6 99.6
34.6 89.5
0.0 21.2
20
0.0 96.1
6.8 6.1
38.6 32.3
7.0 70.6
74.0 49.0
31.9 73.8
86.8 70.5
49.6 13.0
74.0 41.1
36.8 95.1
99.7 48.6
2.7 4.1
39.8 30.1
58.0 11.0
82.7 78.4
40.2 56.0
89.6 84.8
33.1 2.7
18.5 42.6
0.0 62.5
16
0.0 97.6
56.3 37.8
96.4 10.0
13.1 47.7
18.1 48.8
79.4 16.3
91.2 43.1
72.9 2.1
10.9 15.7
92.3 78.0
29.8 14.8
51.0 73.9
93.8 67.4
76.8 39.7
83.8 8.4
0.0 85.9
60
0.0 21.4
29.5 63.0
91.8 18.4
98.2 76.4
80.9 86.0
13.5 49.3
95.1 35.4
58.1 91.2
81.3 3.6
59.5 0.9
82.9 15.7
85.0 77.3
70.1 19.7
48.0 81.6
33.6 39.6
19.7 12.4
79.7 86.5
46.2 19.7
22.7 10.7
39.4 7.6
49.9 28.7
68.5 87.8
79.3 39.5
21.3 56.3
80.4 30.8
7.4 55.6
46.6 41.2
96.4 47.8
25.8 52.1
93.7 3.6
44.2 29.0
17.5 33.6
41.3 31.0
0.8 48.7
18.2 34.9
13.0 71.9
6.2 70.6
99.1 67.2
56.0 34.5
26.5 88.3
38.0 88.4
95.9 62.7
58.1 20.8
52.8 56.4
58.3 63.2
89.3 59.3
15.8 62.5
81.2 4.3
72.9 92.8
91.7 39.9
68.0 11.5
99.2 52.5
64.3 50.7
8.4 13.0
96.0 97.9
91.8 25.4
0.1 68.5
2.8 77.4
68.6 14.6
0.0 30.3
62
0.0 80.4
23.5 50.9
27.8 35.6
66.6 16.3
68.4 43.0
40.7 19.5
10.6 92.5
44.6 4.4
75.8 67.2
2.4 44.1
94.3 14.0
31.5 94.5
25.3 12.1
54.4 52.3
82.9 41.7
14.5 50.6
98.6 57.8
94.2 89.1
4.2 81.1
94.6 50.0
43.5 8.0
15.4 15.0
52.1 7.5
53.3 76.1
54.0 97.4
9.2 87.8
0.8 96.7
12.6 19.1
34.8 21.2
27.1 27.0
4.6 89.8
72.3 33.5
93.2 61.7
5.5 50.7
66.6 88.7
60.4 8.5
84.7 92.1
43.6 47.0
75.5 15.8
8.4 9.4
21.1 65.9
38.6 56.4
49.8 77.4
78.4 23.3
34.2 9.9
20.8 83.2
38.3 70.3
35.1 14.3
7.3 48.2
91.9 39.4
99.2 79.7
19.7 96.3
84.2 23.5
96.4 34.3
38.6 25.5
4.4 74.8
95.7 63.8
98.5 34.7
46.8 71.1
52.3 8.7
49.6 50.7
0.0 60.1
8
0.0 31.5
83.4 53.5
13.0 66.2
16.7 9.1
28.8 2.7
19.8 27.5
52.6 50.4
0.0 49.5
83
0.0 72.9
8.4 62.1
51.3 24.6
26.4 19.3
39.5 54.2
39.9 88.3
52.4 37.6
23.4 73.8
73.3 41.3
56.1 82.2
43.2 45.5
28.9 33.8
15.8 54.6
89.3 32.6
55.9 76.3
53.6 40.1
94.7 27.7
76.5 55.0
67.2 96.0
68.5 67.8
94.5 69.6
54.5 9.9
64.8 66.4
97.2 95.0
98.3 24.0
11.1 52.5
10.1 76.7
53.4 92.5
87.7 73.6
44.0 97.9
66.7 95.0
39.9 35.8
73.3 95.3
34.7 45.1
36.4 52.4
18.8 9.6
67.3 7.9
47.5 71.4
5.0 37.6
59.4 46.0
56.2 54.0
33.8 26.9
53.7 97.3
57.4 48.8
90.5 35.0
13.5 3.5
84.5 42.2
12.8 34.8
46.1 35.8
98.1 56.2
98.1 53.6
29.4 88.7
47.5 63.3
82.1 90.4
75.0 91.2
95.6 65.5
23.6 80.0
14.3 26.2
14.3 1.5
46.5 2.0
15.5 62.5
54.9 61.6
10.8 66.3
18.6 64.6
92.6 28.4
54.6 54.8
12.3 89.6
52.7 23.4
12.3 54.9
68.4 94.3
60.0 77.8
19.4 78.3
10.1 51.7
80.0 8.3
89.3 25.9
57.8 54.2
84.4 5.0
48.0 63.6
80.2 69.9
80.1 62.6
14.1 63.5
29.4 69.3
0.0 37.3
15
0.0 5.9
8.7 79.8
67.0 79.3
91.3 64.4
78.7 85.1
90.8 24.6
0.4 50.3
59.5 72.7
26.8 34.8
74.1 25.6
87.4 70.2
22.0 21.0
61.2 49.3
5.6 25.9
0.0 83.3
7
0.0 96.2
24.5 93.7
97.1 48.4
62.0 6.7
20.4 16.1
67.6 54.1
0.0 66.8
5
0.0 67.2
96.0 92.6
78.4 65.1
34.0 24.0
0.0 15.0
15
0.0 64.4
2.4 40.3
88.8 67.4
88.3 15.6
89.8 2.6
40.7 34.6
59.9 26.0
68.5 57.1
94.4 27.9
46.2 34.0
98.8 98.0
15.9 84.2
91.9 82.0
88.3 66.2
0.0 25.8
93
0.0 4.6
45.1 78.4
36.1 12.5
45.7 69.6
32.0 17.7
33.8 12.0
19.7 87.3
98.1 52.4
27.7 0.9
73.2 47.4
86.1 23.7
54.6 97.0
47.9 15.4
86.4 5.2
24.2 8.0
77.8 23.0
46.9 37.5
61.4 7.5
61.4 48.5
68.5 44.0
42.6 69.7
20.8 5.4
75.0 61.6
3.8 24.0
30.5 55.0
39.3 33.5
53.7 96.9
62.7 92.5
90.4 38.8
89.9 9.9
33.9 76.0
1.5 59.1
27.8 79.2
99.2 70.3
25.0 62.1
53.6 10.1
68.2 31.4
4.9 26.9
63.1 31.2
13.0 25.2
96.0 7.7
60.4 18.0
26.1 84.3
22.4 34.2
96.8 35.8
42.8 38.6
84.8 57.8
92.7 34.0
60.6 51.0
51.8 4.3
32.1 81.6
59.0 78.2
87.0 85.7
20.5 74.4
75.8 10.5
18.0 71.4
42.7 56.2
20.0 94.6
16.8 6.5
61.3 33.3
91.3 11.7
82.0 96.7
42.5 74.7
16.5 42.0
51.3 65.4
42.9 93.7
14.6 69.4
28.6 94.5
0.9 40.1
55.9 70.5
67.9 7.3
75.1 42.1
78.1 41.3
93.5 67.7
99.9 63.6
10.0 10.2
39.3 65.6
95.6 81.3
66.4 28.1
34.4 95.5
53.9 44.4
15.8 98.2
38.2 26.7
18.1 24.1
52.5 76.2
36.8 80.3
77.9 56.5
59.4 69.9
19.4 86.6
38.9 27.6
30.8 2.7
99.4 82.5
0.0 40.5
90
0.0 0.1
4.8 38.5
91.3 75.0
78.6 52.3
30.3 34.1
71.1 57.1
39.5 35.9
85.0 30.9
73.3 74.7
67.0 45.0
59.1 7.3
84.6 99.8
48.7 62.7
41.1 26.3
68.0 96.3
55.3 24.4
78.4 35.7
75.2 42.5
7.4 32.8
15.8 4.6
88.7 44.5
37.3 59.8
74.5 25.2
80.5 33.5
88.4 89.8
85.4 97.0
59.8 41.4
23.4 32.8
23.7 83.4
81.0 3.6
57.3 60.8
67.5 21.7
0.9 95.6
94.9 72.8
67.5 15.9
43.1 53.5
65.0 20.5
19.3 70.5
26.7 29.0
58.6 88.1
56.9 40.4
14.5 9.8
82.1 55.1
76.5 53.7
38.7 4.7
86.6 68.3
73.2 72.2
1.9 32.1
55.3 5.1
10.9 88.5
2.3 60.4
41.3 62.5
2.0 43.6
1.4 59.8
35.3 27.8
86.5 35.2
36.1 32.7
57.8 4.6
28.7 87.5
49.5 72.2
36.1 89.2
68.3 87.7
35.4 30.9
89.6 37.4
66.6 67.2
72.3 33.0
66.4 39.1
15.0 14.1
59.5 69.7
52.9 9.1
13.1 32.4
93.7 2.7
39.3 1.0
19.4 59.2
45.7 84.3
12.9 55.9
66.7 11.5
23.4 44.8
86.0 75.0
44.3 36.3
52.2 60.3
2.4 74.9
66.5 44.4
2.9 56.6
62.4 45.9
97.4 59.8
98.0 30.7
80.1 25.3
40.8 12.5
0.0 27.2
19
0.0 72.1
53.9 63.5
74.6 79.0
8.8 25.3
12.1 16.2
44.9 69.7
17.5 77.3
33.7 74.9
14.4 61.2
72.9 70.0
79.5 56.6
73.5 29.7
20.7 32.4
86.1 84.5
3.6 56.0
22.8 30.8
20.9 17.4
40.6 34.9
0.0 13.1
26
0.0 47.7
53.1 99.2
65.0 78.3
50.8 14.7
51.2 64.8
26.2 75.5
37.8 58.0
84.8 58.9
22.1 73.7
15.8 90.9
44.8 22.1
49.6 28.7
59.1 56.9
96.3 6.5
18.8 26.1
79.5 81.2
69.9 42.7
65.0 46.0
32.4 93.1
39.9 60.0
43.2 66.7
58.6 9.5
21.7 75.5
82.5 50.9
73.2 75.2
0.0 80.3
53
0.0 75.1
67.6 31.1
77.5 17.7
91.1 33.7
87.3 80.3
90.3 99.9
5.8 93.5
59.0 51.7
45.1 57.1
5.0 4.1
37.6 8.9
19.4 24.0
0.6 14.2
72.2 60.1
98.4 62.0
71.8 30.2
40.2 58.0
54.6 84.7
88.2 17.2
79.4 14.9
63.7 98.4
74.6 83.4
22.6 57.4
37.3 30.0
96.7 91.1
90.0 97.5
77.8 71.0
54.1 72.6
24.9 19.1
95.8 20.8
28.8 28.6
78.8 9.3
15.7 2.4
87.9 88.9
43.1 20.0
78.7 21.7
18.1 51.1
54.0 20.0
58.4 67.6
31.5 34.3
40.4 38.7
96.8 39.7
98.1 30.5
62.2 88.0
31.8 33.6
59.1 6.5
96.6 81.2
54.2 36.9
9.6 20.0
85.2 68.1
91.7 46.0
18.9 55.1
0.0 97.1
15
0.0 59.2
56.1 50.1
46.7 69.5
3.1 61.6
66.7 58.5
49.4 70.0
80.7 23.8
30.4 12.8
75.5 84.9
18.0 39.9
64.3 84.7
91.5 30.0
7.6 60.4
54.3 36.3
0.0 78.1
97
0.0 0.8
99.6 25.5
72.2 11.2
30.2 39.0
10.4 25.3
68.2 60.7
84.6 3.1
1.7 14.2
1.9 36.3
42.5 39.9
71.6 7.5
16.1 51.0
11.5 86.8
85.9 49.5
6.2 89.1
79.6 8.2
28.9 44.9
47.3 28.0
43.3 46.8
57.1 12.3
52.2 52.1
21.2 51.6
53.7 98.5
13.1 2.9
88.7 47.7
52.8 64.3
74.9 3.4
39.0 54.6
88.4 34.0
6.6 40.5
81.9 62.6
55.9 19.6
28.1 59.5
92.5 51.9
44.3 62.6
86.1 36.9
11.5 89.4
20.5 97.9
99.0 72.0
85.9 87.9
8.2 50.0
60.1 60.8
47.3 35.9
31.0 18.0
82.4 91.7
85.7 21.9
84.8 44.3
36.9 86.1
24.5 9.0
61.1 92.9
39.1 54.1
75.6 30.8
51.4 30.3
37.5 93.5
3.1 63.5
4.6 14.2
11.7 91.4
100.0 85.0
49.4 7.8
28.6 71.5
34.5 97.0
15.6 77.5
49.0 96.8
13.5 50.8
73.1 25.8
65.7 22.2
56.0 45.0
22.2 35.8
89.1 55.1
9.2 95.3
31.4 46.1
75.3 67.1
10.2 22.6
89.5 35.0
54.0 70.1
88.0 49.1
0.6 52.6
2.3 76.9
68.1 58.4
16.8 8.7
44.5 8.8
30.6 45.0
93.5 14.4
92.1 21.7
57.3 67.8
50.9 68.5
26.8 75.8
24.2 24.0
39.9 95.7
78.8 26.0
17.7 71.9
60.8 67.9
92.2 18.4
16.7 5.6
68.9 85.4
91.7 19.0
0.0 38.7
81
0.0 93.1
92.6 49.8
5.0 82.6
31.9 90.7
96.5 40.2
4.1 94.6
83.1 41.4
13.6 71.8
31.9 23.8
15.3 0.7
38.9 83.9
60.7 70.4
31.5 26.1
37.3 75.0
7.4 88.4
58.5 87.8
5.4 87.7
22.3 73.0
95.4 34.9
62.8 26.6
0.1 6.0
74.7 34.9
58.8 46.9
65.7 75.0
71.4 89.0
43.8 20.4
6.0 15.3
81.1 91.9
16.3 78.2
94.3 20.4
8.1 64.0
13.3 27.3
32.3 41.5
41.7 56.1
92.8 0.2
95.9 96.5
94.0 32.1
99.1 37.0
31.0 89.1
58.0 27.3
80.4 4.0
89.6 90.3
70.0 97.4
55.3 71.1
30.3 40.9
14.9 95.1
71.6 37.4
10.9 1.5
1.2 62.5
95.1 24.1
62.9 31.7
9.5 26.7
72.0 77.6
57.6 64.1
40.5 1.9
93.4 84.9
68.3 21.4
83.4 46.1
26.0 92.7
4.3 19.4
67.2 92.2
17.2 46.3
71.1 81.7
92.2 69.9
52.1 94.0
82.1 22.5
85.8 43.6
77.7 89.9
45.3 35.0
13.2 28.4
25.6 10.1
37.3 22.5
62.0 89.9
74.0 3.4
68.9 82.5
90.0 6.3
73.0 55.0
64.0 14.4
7.3 73.0
57.1 80.2
0.0 95.2
55
0.0 79.7
69.4 73.2
42.6 75.9
51.8 26.6
53.4 56.1
28.5 80.3
52.2 88.7
28.2 7.6
88.6 52.7
76.4 1.1
50.1 48.4
76.3 53.2
7.3 94.8
17.1 7.9
14.4 14.1
51.8 59.7
8.4 86.2
55.2 70.5
70.0 62.3
8.6 36.7
35.4 63.4
8.9 33.2
67.5 13.6
47.6 80.1
9.4 17.7
24.5 45.2
61.0 62.5
36.7 95.9
27.4 14.1
13.0 83.5
90.4 83.8
58.0 1.1
60.3 29.9
2.3 93.8
88.0 19.4
21.1 49.6
52.8 64.0
57.5 50.8
47.4 45.5
76.4 19.7
2.6 64.6
13.6 77.9
20.0 56.0
23.7 86.6
27.9 25.0
43.9 32.0
68.2 58.5
10.4 78.9
51.3 72.0
96.9 50.3
72.2 72.3
85.1 10.6
93.1 9.8
22.2 34.8
0.0 83.7
70
0.0 5.2
96.6 78.9
70.3 52.7
19.5 5.1
71.7 10.3
70.5 88.8
29.5 85.2
87.1 55.9
16.5 91.7
4.6 55.5
2.6 63.5
30.2 2.7
79.6 97.8
20.0 45.1
18.7 91.2
30.5 97.7
69.4 96.9
38.2 64.4
62.3 47.1
23.2 62.5
73.1 98.2
83.4 66.8
66.6 77.1
12.0 42.1
29.0 89.8
34.2 77.6
64.3 46.7
76.4 23.8
47.2 50.5
78.5 48.6
12.3 90.7
44.2 67.9
37.1 64.1
72.8 9.1
27.8 4.8
94.0 40.9
42.7 11.1
85.5 40.7
38.5 6.2
40.7 11.4
0.1 13.1
88.6 28.8
6.5 93.3
94.7 62.0
14.4 71.7
58.4 53.8
14.3 68.4
76.8 50.4
9.2 47.6
6.3 20.5
76.9 83.9
86.9 96.9
51.8 93.9
95.3 28.6
49.8 67.9
94.1 56.6
90.4 58.8
41.8 34.9
93.7 7.2
13.8 56.5
43.0 5.1
21.8 73.3
56.0 45.1
25.3 95.9
1.4 98.8
97.6 31.5
46.4 46.8
43.7 8.0
65.4 49.0
0.0 34.1
45
0.0 13.0
22.9 54.2
77.2 12.8
45.0 14.4
9.6 50.0
71.9 0.1
32.8 85.2
61.2 35.8
30.5 43.3
11.7 28.3
78.5 97.3
56.4 85.3
38.4 22.9
72.5 13.3
42.8 30.0
89.0 14.3
70.5 86.0
65.8 17.3
46.2 4.2
0.1 100.0
12.7 44.6
48.1 80.1
64.7 31.4
58.2 64.9
30.0 2.3
4.6 40.6
34.6 60.4
40.0 83.7
24.2 88.6
96.3 67.7
92.7 78.6
3.0 99.8
0.7 34.0
46.1 93.4
77.3 13.5
50.3 42.9
10.1 42.5
52.6 83.3
51.8 21.4
24.7 32.0
42.4 40.5
50.8 6.6
50.0 93.1
44.1 9.1
0.0 73.2
9
0.0 31.8
41.4 50.5
42.4 96.8
3.3 37.2
24.8 73.3
25.8 84.8
44.2 79.1
70.7 80.0
0.0 32.4
24
0.0 73.9
4.6 92.5
38.5 80.9
70.4 70.7
16.0 19.3
22.4 43.3
28.4 47.6
39.4 67.1
13.5 57.8
20.1 51.1
50.9 11.5
78.4 70.2
15.0 27.8
4.5 18.2
96.0 41.2
0.9 42.9
9.5 34.9
52.9 94.2
72.3 31.1
0.4 10.6
93.3 99.9
10.6 11.7
35.7 91.5
0.0 74.7
63
0.0 42.4
30.9 99.1
78.3 13.9
21.2 89.4
81.9 91.6
68.3 53.0
98.4 97.5
40.6 19.2
69.7 28.5
66.6 62.4
6.0 29.0
68.2 78.7
61.3 35.3
12.3 37.9
7.2 92.4
47.7 59.9
33.3 28.8
15.6 16.0
20.3 76.2
2.2 7.5
66.8 50.4
56.3 32.6
47.1 87.2
60.1 81.1
48.2 38.5
8.1 12.9
30.1 14.5
25.0 61.4
78.3 78.4
54.7 23.3
92.3 86.4
79.9 68.6
69.2 90.6
88.9 58.0
59.1 98.4
77.0 15.5
59.4 98.0
30.2 43.5
85.9 32.8
23.6 30.1
62.7 93.7
59.5 60.4
4.8 39.0
58.8 14.3
91.1 5.6
92.7 69.4
35.0 84.8
98.4 19.3
67.2 95.7
55.9 82.8
18.6 21.2
29.4 87.1
73.8 32.7
20.4 39.7
90.7 96.4
14.6 66.3
36.2 63.0
61.1 26.0
57.0 30.8
58.4 98.5
84.0 70.6
19.4 75.5
0.0 41.4
32
0.0 74.4
54.0 58.9
5.9 14.6
67.2 94.3
53.1 33.4
73.3 40.3
72.6 70.4
99.7 58.7
86.3 44.6
23.9 67.0
95.0 98.5
24.2 13.1
83.9 44.3
9.7 23.7
92.6 93.1
58.7 11.6
96.7 38.9
65.0 35.6
46.4 4.3
68.1 100.0
26.5 94.0
89.1 19.9
81.4 81.7
59.7 14.7
61.2 15.7
57.3 46.1
31.7 80.3
97.4 14.6
80.4 18.9
16.4 48.5
32.1 91.2
0.0 75.4
24
0.0 68.3
7.9 20.5
25.1 93.0
16.2 85.7
60.1 44.5
9.2 47.4
44.9 38.4
33.3 98.1
89.4 56.5
56.1 25.9
88.9 52.7
65.7 85.4
88.2 45.3
17.8 91.4
72.1 57.2
20.2 17.4
56.5 18.7
52.3 97.0
60.8 32.3
13.2 98.3
20.6 35.0
50.3 6.1
10.9 19.1
0.0 35.5
25
0.0 39.8
65.6 32.1
99.5 54.9
7.8 1.6
91.7 37.6
92.1 31.3
35.7 79.4
49.3 38.2
64.3 99.7
59.1 95.0
20.8 72.2
57.6 64.0
68.4 17.2
25.8 48.7
47.6 46.5
81.4 77.3
20.3 13.5
69.5 14.3
18.4 83.8
57.1 29.2
21.9 39.8
19.4 94.2
77.7 62.8
24.8 87.4
0.0 80.3
19
0.0 26.5
30.3 15.7
6.0 35.2
79.8 48.4
83.5 14.1
89.9 87.2
57.8 84.1
59.9 96.9
2.4 76.3
0.9 77.9
77.0 46.1
60.9 86.5
84.1 8.8
32.5 30.3
6.6 17.5
68.6 15.9
19.4 73.5
1.2 12.4
0.0 38.4
53
0.0 63.6
81.6 43.9
31.4 10.4
7.3 77.7
26.2 48.6
14.2 69.6
68.6 92.3
78.9 78.5
38.0 86.9
48.9 91.6
94.9 95.0
49.4 51.5
7.6 9.6
57.2 16.0
3.3 22.7
88.1 88.9
36.4 68.1
4.7 10.2
90.3 83.6
58.3 2.7
88.5 80.9
2.1 98.2
19.3 85.7
61.6 89.5
34.3 48.5
9.3 45.8
25.1 36.6
21.4 19.5
51.7 97.5
75.4 33.6
26.9 83.7
2.0 19.1
68.3 44.6
35.2 58.7
50.8 71.5
28.2 97.4
94.8 0.4
59.2 30.6
57.8 90.0
14.0 59.8
79.8 1.3
51.0 91.1
7.4 92.0
34.1 71.8
11.6 88.9
23.9 74.2
9.2 39.1
97.6 96.3
84.0 86.6
27.6 64.1
65.4 15.2
74.0 8.8
0.0 95.9
17
0.0 32.4
85.7 1.3
9.4 39.7
59.1 66.5
70.0 71.6
47.8 60.2
83.5 30.5
85.2 37.2
37.0 72.7
77.7 54.9
66.8 25.3
99.0 94.0
39.7 65.5
42.6 31.9
89.5 39.6
57.9 45.7
0.0 60.2
44
0.0 38.2
24.1 18.8
13.7 56.5
43.7 41.0
90.1 65.3
76.1 42.0
37.1 58.4
47.2 77.5
79.8 34.0
72.8 17.4
59.7 84.5
68.2 91.9
85.5 29.4
31.6 10.2
27.0 87.2
37.2 47.5
69.9 27.9
31.3 36.2
38.1 91.7
13.4 80.5
79.6 94.1
10.3 66.9
69.9 93.1
45.0 6.0
80.8 20.7
2.9 37.9
56.3 11.8
78.9 0.7
12.5 46.3
50.9 18.1
26.3 62.6
9.9 7.8
17.3 20.5
41.4 27.8
54.7 23.4
62.4 72.8
74.8 96.0
55.9 32.8
64.1 31.4
35.5 81.1
43.5 0.1
9.6 92.7
58.3 94.5
0.0 89.4
59
0.0 3.3
68.1 98.8
72.0 26.7
55.5 24.2
75.8 43.3
19.0 49.1
19.8 61.7
24.6 49.3
34.5 83.1
47.7 36.0
63.9 55.5
85.2 9.5
4.6 19.4
33.4 16.3
66.4 52.6
31.5 60.8
95.4 39.8
2.4 54.2
31.7 40.1
77.1 12.5
30.6 3.8
56.2 65.0
57.4 20.2
34.5 96.2
61.3 9.9
85.6 96.2
57.2 10.2
3.9 87.2
11.4 2.1
40.4 65.1
68.2 51.8
45.0 62.0
9.4 65.8
85.2 61.0
20.3 14.2
40.9 71.5
31.4 96.2
25.0 65.1
11.4 27.9
99.4 7.6
69.1 63.1
27.1 64.3
40.9 9.3
92.2 59.7
69.6 10.8
81.1 92.2
93.5 15.8
37.7 31.7
32.4 55.9
21.1 42.2
50.3 46.9
8.2 89.9
52.4 28.4
27.5 86.3
87.0 54.1
31.7 97.0
81.9 47.7
21.7 3.7
0.0 35.3
75
0.0 22.3
77.8 93.8
68.7 0.8
36.1 36.3
96.1 67.4
72.3 60.9
2.0 91.8
27.9 7.0
57.9 49.0
13.5 69.0
92.3 83.6
71.3 49.4
72.8 51.9
99.5 42.1
22.7 31.4
57.8 91.6
3.4 83.3
56.8 66.5
87.3 52.4
77.4 10.2
20.1 77.6
47.4 64.6
15.6 0.2
29.1 1.9
15.2 20.8
30.2 37.2
90.7 63.0
3.8 6.6
97.8 70.5
56.2 3.9
21.5 75.6
72.2 53.2
29.2 23.8
16.1 35.0
38.4 33.0
58.1 9.6
25.1 0.4
8.8 6.5
10.3 33.1
17.3 88.2
45.8 53.9
70.7 42.9
56.8 17.3
39.3 29.7
12.5 27.3
94.7 70.7
11.4 61.0
20.0 38.4
14.2 84.0
65.4 31.8
23.3 17.3
44.3 35.3
38.2 84.6
59.1 78.6
37.6 79.9
80.9 27.2
62.4 72.8
39.3 34.1
3.8 19.4
24.2 27.5
21.1 40.4
2.2 36.5
54.5 16.1
80.2 43.9
17.9 71.7
2.8 6.3
33.4 6.0
52.8 17.7
32.7 27.9
23.9 48.8
21.0 64.1
71.4 0.7
15.8 41.8
21.9 67.7
0.0 53.9
78
0.0 23.4
88.2 10.5
70.9 85.6
78.1 83.5
5.0 30.9
92.8 76.3
90.1 93.7
89.7 47.8
66.2 91.1
73.3 79.1
87.7 13.3
74.0 14.0
11.7 53.7
99.2 37.7
89.4 87.6
28.9 51.3
43.4 4.1
60.3 38.5
6.5 34.6
61.7 62.1
21.5 8.7
98.7 0.9
67.6 99.8
38.0 13.5
31.6 84.8
85.6 22.9
71.0 86.9
2.4 10.3
89.3 58.5
20.8 51.4
43.4 66.7
48.5 36.4
3.6 52.5
45.1 97.0
14.3 24.3
94.7 60.9
21.0 94.3
74.3 64.9
73.8 44.9
93.6 79.8
31.8 16.4
14.7 3.6
46.0 35.7
62.3 77.3
20.0 95.5
36.1 48.4
48.8 1.5
3.3 70.3
81.9 81.9
4.2 22.8
62.8 58.8
82.1 66.5
45.7 6.2
3.7 45.6
33.5 85.1
69.4 54.4
24.4 7.9
0.3 40.5
78.4 23.2
72.1 65.1
98.3 54.9
18.2 30.6
92.8 60.1
90.5 15.9
68.6 99.0
1.3 11.2
88.7 12.5
80.9 64.3
5.9 94.4
93.6 11.3
85.7 34.6
10.8 98.4
14.6 58.0
77.9 13.5
83.8 40.1
43.0 92.0
32.3 46.7
0.0 81.2
71
0.0 20.8
30.3 0.9
54.6 17.9
68.5 77.7
56.0 9.7
46.8 77.9
3.1 63.6
7.5 75.1
29.7 84.4
17.0 44.6
78.1 77.4
17.8 43.8
89.9 13.9
42.8 33.8
46.8 54.9
22.7 43.5
95.8 50.9
35.3 43.3
47.3 35.9
37.4 46.3
5.1 89.4
93.2 98.1
45.7 17.8
57.2 6.6
84.8 38.0
21.1 36.3
38.4 40.6
54.4 89.3
77.8 93.9
62.9 18.3
78.3 59.9
23.9 23.7
60.1 95.1
48.0 60.6
32.3 5.0
10.5 61.7
16.1 98.7
20.7 7.4
43.7 77.8
68.9 18.0
97.0 9.4
85.6 35.1
74.0 99.6
82.5 34.9
86.9 85.6
98.2 35.0
0.7 29.8
91.7 30.3
70.1 21.6
70.7 89.2
29.0 5.5
32.6 50.3
63.9 33.1
28.9 99.3
35.0 15.0
71.7 64.6
84.4 24.1
56.7 94.8
95.1 19.7
14.0 52.8
2.1 21.0
15.3 21.4
40.6 40.0
53.7 1.1
68.6 56.8
37.8 77.5
71.3 34.9
72.9 44.7
34.7 71.2
68.0 12.4
0.0 7.4
31
0.0 30.3
41.4 40.0
71.5 40.3
69.0 87.1
46.2 14.7
81.6 58.7
90.5 100.0
77.7 57.4
76.8 57.6
37.0 83.6
28.6 95.3
64.1 97.6
29.6 69.3
99.4 94.2
85.4 85.7
39.1 33.9
4.3 72.1
7.5 0.8
49.9 51.0
69.9 64.7
75.7 60.0
25.9 56.6
66.9 82.5
49.9 22.0
5.7 89.6
68.2 82.5
9.7 73.7
80.6 52.9
17.4 94.1
81.3 7.7
0.0 14.8
95
0.0 80.0
56.4 8.0
57.2 93.2
39.7 90.3
6.1 16.6
45.8 51.4
50.4 34.1
43.7 8.4
6.6 94.5
80.2 38.7
60.9 77.8
29.0 89.8
54.6 4.4
89.9 56.3
72.8 56.2
29.2 71.1
97.3 77.8
2.0 99.2
64.3 75.4
94.5 72.8
27.0 3.9
0.3 12.0
27.3 37.7
78.2 28.9
80.1 61.9
14.3 64.8
98.5 66.1
30.5 17.2
63.8 7.8
27.7 93.2
24.8 54.8
9.7 41.2
50.6 89.7
62.4 37.6
58.8 49.4
66.5 19.5
52.3 58.9
52.1 14.2
83.0 29.9
4.8 67.7
31.0 3.3
62.3 17.1
84.7 55.9
23.4 26.5
81.6 73.6
50.0 85.5
98.6 57.2
72.5 41.0
70.4 50.9
40.5 7.9
77.2 70.5
63.7 97.7
48.6 49.8
64.2 74.6
99.5 60.7
62.9 26.3
92.1 96.4
17.7 64.2
26.0 44.9
1.2 74.2
5.7 26.3
38.5 31.7
71.5 63.0
7.0 29.2
84.4 88.9
63.8 49.0
56.8 90.4
98.4 58.2
60.3 86.2
22.8 72.7
93.7 34.9
38.7 74.4
35.0 36.2
71.3 59.7
65.0 2.9
92.3 75.6
72.7 5.1
4.9 77.7
62.5 84.9
29.4 14.3
2.1 97.9
38.4 42.9
46.8 33.0
25.5 63.4
35.8 83.2
53.4 15.8
26.4 27.4
26.0 75.6
11.9 79.8
73.7 8.0
55.3 87.6
95.0 39.6
87.6 79.8
20.7 42.5
0.0 7.6
61
0.0 28.1
11.5 57.8
86.2 3.5
46.4 82.8
2.1 80.6
48.4 14.5
72.8 60.5
3.1 50.3
73.2 17.9
44.8 17.3
38.4 99.0
72.3 13.8
47.4 85.2
63.7 64.6
71.8 91.3
42.6 62.8
17.1 99.6
24.0 33.4
16.8 71.1
71.4 62.9
38.6 81.8
15.0 82.0
89.2 90.8
71.2 86.5
8.7 53.6
40.1 68.9
49.4 63.2
97.0 18.3
89.2 41.5
79.8 10.4
23.7 64.4
6.5 63.2
85.3 23.2
77.0 0.4
73.7 83.7
80.2 20.4
78.7 60.1
45.1 61.9
52.0 97.5
50.8 17.6
87.4 35.9
88.8 34.4
48.8 89.5
8.9 12.6
26.7 16.0
19.1 52.4
47.3 37.9
63.6 94.2
81.9 64.3
14.0 64.8
86.1 89.7
37.4 69.7
92.5 90.2
92.7 50.9
10.0 38.3
96.7 92.5
53.2 100.0
23.0 80.5
57.5 3.3
61.5 29.6
0.0 36.9
29
0.0 52.1
90.8 15.2
54.7 40.2
54.9 44.9
71.6 24.0
32.6 19.1
3.0 86.0
81.1 37.7
38.0 67.5
33.6 44.9
74.3 78.7
15.1 38.9
74.7 67.2
61.2 39.0
91.5 49.2
51.9 64.6
93.9 77.3
5.4 45.3
7.9 26.9
63.4 0.2
41.1 50.2
25.3 79.8
82.9 13.6
34.8 23.2
79.2 50.9
66.3 50.9
76.0 69.4
91.5 83.6
0.0 98.5
16
0.0 97.8
8.9 44.5
6.0 25.2
22.9 57.0
35.1 0.3
41.7 83.2
56.6 72.9
77.4 95.7
46.2 35.8
54.0 48.8
86.3 5.9
10.4 21.9
18.1 43.8
92.4 85.8
90.9 65.2
0.0 15.2
39
0.0 81.3
37.0 56.6
58.7 25.4
12.6 55.8
8.9 50.7
73.9 90.3
93.6 59.8
90.6 72.9
28.0 50.6
65.5 81.2
55.1 92.5
47.7 10.2
62.0 58.3
12.5 16.5
52.2 36.9
29.5 70.8
7.2 98.7
96.3 21.2
46.9 73.6
30.8 27.3
2.0 43.1
37.3 38.1
89.8 98.1
39.2 91.0
80.9 37.0
98.1 27.8
77.4 55.2
91.5 72.6
23.2 1.4
54.6 6.7
15.8 55.1
8.0 71.8
79.1 3.6
55.9 45.1
64.3 39.9
91.6 39.1
35.6 43.9
35.7 90.7
0.0 19.3
39
0.0 72.2
26.5 38.6
77.3 35.8
35.2 85.3
48.9 61.3
36.7 14.3
36.2 3.0
55.1 68.6
44.4 8.2
52.4 85.8
99.7 62.2
27.2 10.1
60.6 99.2
28.0 17.5
45.7 65.5
15.6 9.6
57.1 3.4
22.6 90.6
77.8 91.3
17.1 38.2
67.3 53.3
83.1 18.1
62.0 79.0
91.6 51.9
21.7 59.9
75.1 60.8
66.3 9.6
6.3 38.9
69.8 29.5
78.4 42.1
18.9 68.4
8.9 81.0
50.5 80.1
67.9 60.7
10.6 92.4
94.0 79.8
37.7 12.0
10.3 11.5
0.0 58.3
71
0.0 60.9
78.2 26.4
99.2 85.5
76.0 72.2
71.6 33.8
67.9 11.7
59.2 43.6
1.8 50.2
65.1 37.6
56.9 46.9
71.8 72.8
11.4 25.2
66.7 80.6
72.0 96.9
62.8 10.0
19.3 10.1
97.5 35.4
9.1 8.2
93.6 37.9
13.5 80.3
3.7 95.8
2.1 52.0
85.5 95.5
86.4 83.4
31.7 42.3
75.4 62.1
66.7 15.4
89.1 77.0
41.8 48.0
62.0 44.8
80.0 85.3
22.5 94.8
12.7 54.1
34.0 59.3
16.7 89.6
76.7 53.5
29.1 87.7
96.2 31.8
69.9 39.1
92.8 44.2
7.8 19.1
74.6 28.0
61.8 27.9
29.0 80.1
66.0 61.0
27.9 61.1
28.0 11.1
91.4 95.7
4.6 3.0
5.5 2.1
53.2 60.8
28.7 61.3
50.7 3.5
68.5 52.3
31.7 1.5
70.1 38.9
21.3 78.3
73.7 94.8
15.6 85.6
95.8 95.3
37.1 40.2
54.1 24.7
23.2 38.8
52.9 57.1
5.8 83.8
25.0 15.8
41.9 16.4
54.7 50.1
36.3 94.9
82.4 54.1
0.0 33.2
8
0.0 19.6
28.7 57.0
66.4 52.8
7.3 5.5
53.2 73.3
34.3 14.8
87.1 13.5
0.0 75.4
96
0.0 26.4
28.5 69.0
21.6 65.3
56.8 4.5
97.4 96.7
47.2 42.3
13.3 93.3
71.4 12.1
7.1 66.1
18.0 31.1
11.5 24.0
39.7 52.4
37.0 78.2
85.6 44.7
75.4 25.2
39.1 86.3
15.7 35.6
9.4 21.7
19.5 77.9
28.0 49.8
74.1 75.3
8.9 80.9
19.7 71.1
26.9 66.3
96.7 16.5
63.3 93.0
52.6 99.2
56.8 89.8
25.4 11.6
64.8 17.8
9.1 96.4
38.3 55.1
42.6 15.1
16.5 0.8
33.3 59.2
76.8 2.0
44.5 64.0
71.0 57.2
45.8 3.0
92.9 12.5
28.6 1.2
10.1 9.1
85.4 31.2
96.5 99.5
5.8 32.5
97.7 51.8
45.5 67.2
10.2 77.8
42.5 63.5
98.4 71.6
10.0 63.2
94.6 49.8
3.3 99.4
54.0 26.7
40.6 19.3
78.0 14.2
17.9 44.8
15.9 54.3
71.7 84.3
6.8 75.7
7.6 79.1
72.8 29.5
63.2 8.8
79.2 90.7
37.1 32.4
30.7 35.2
93.4 87.5
8.9 66.7
80.8 7.8
78.7 75.9
19.5 47.6
29.7 89.8
51.5 66.3
75.3 79.4
51.8 52.3
1.7 31.7
38.9 29.0
37.6 16.2
8.8 72.9
49.0 71.4
74.3 8.2
19.9 94.7
8.8 7.8
22.7 89.3
5.5 47.1
2.8 95.7
57.8 98.6
3.3 15.9
64.0 38.4
44.4 93.7
72.7 0.9
63.5 8.6
66.9 54.7
94.6 82.3
41.1 45.1
0.0 10.3
31
0.0 98.3
89.0 85.1
42.3 1.1
80.7 0.1
38.3 28.3
7.9 44.7
31.2 94.9
91.4 34.9
24.4 54.8
93.6 35.5
10.7 14.6
7.8 63.9
38.5 65.5
51.0 21.8
44.8 27.4
76.2 78.7
33.9 41.9
94.7 9.8
36.5 14.2
87.8 66.0
61.9 94.9
62.2 74.7
32.2 52.5
17.7 33.9
27.8 13.1
98.6 49.1
70.1 21.1
22.9 44.4
0.8 92.7
6.6 63.5
0.0 26.0
86
0.0 5.8
18.0 5.3
99.2 36.7
89.9 97.9
28.8 88.0
51.5 73.2
61.8 76.9
77.8 54.4
4.5 35.4
45.7 19.2
9.1 42.6
8.6 98.1
51.5 95.2
49.8 53.2
99.8 24.1
59.1 36.5
18.2 26.0
50.6 30.8
68.9 49.8
34.1 11.5
87.7 85.0
19.0 45.3
76.1 83.9
61.9 80.3
42.0 61.5
55.7 28.2
16.3 30.1
65.0 5.3
30.7 88.4
53.2 11.5
93.0 77.6
1.1 3.2
41.2 31.0
51.1 9.4
36.5 62.2
20.5 21.5
5.4 20.3
98.0 18.4
72.8 27.0
60.4 58.7
85.5 52.1
18.5 22.1
85.0 46.0
32.8 49.4
37.6 80.0
88.8 55.9
35.0 25.9
65.6 40.9
39.5 97.2
45.5 78.8
7.4 20.4
37.4 5.3
56.9 50.8
14.2 89.7
74.9 60.7
21.1 91.1
10.3 34.9
25.5 25.2
48.2 30.2
40.1 99.4
71.9 49.9
35.8 71.6
73.8 85.0
98.1 52.9
72.6 62.3
92.5 57.4
50.0 90.8
53.9 9.3
89.2 59.6
37.7 55.6
20.1 70.4
35.8 53.4
2.6 31.9
82.3 78.9
15.0 42.8
24.5 34.3
87.0 86.1
33.7 63.4
67.3 34.8
31.5 46.0
31.9 0.3
68.2 35.0
2.2 78.1
38.4 81.5
23.5 26.7
0.0 68.6
37
0.0 39.6
58.0 56.5
28.3 35.3
47.4 25.9
26.7 28.9
66.2 73.7
85.6 65.0
70.4 92.9
62.7 18.1
92.4 11.6
93.1 21.3
14.0 71.3
37.9 88.8
32.9 27.0
7.5 50.9
93.3 17.9
70.6 79.3
52.3 12.5
62.3 60.2
59.9 62.8
93.3 74.3
99.3 69.1
55.3 31.7
10.4 11.8
68.4 58.4
5.2 66.0
74.2 69.0
25.6 22.1
26.8 23.4
22.3 100.0
33.7 8.3
22.3 20.2
53.3 10.7
14.0 53.6
42.7 84.9
0.1 58.6
0.0 87.4
51
0.0 75.4
43.2 98.0
17.7 25.3
81.1 25.1
89.5 19.0
12.0 14.6
58.3 24.5
87.2 11.9
70.3 93.8
24.0 14.5
76.1 48.9
12.4 27.0
90.7 45.6
65.5 71.1
65.3 97.2
38.8 8.2
91.8 88.6
73.3 81.4
26.8 18.0
72.1 32.1
67.4 75.3
16.2 13.5
99.8 33.0
26.8 14.9
54.3 51.5
14.9 97.6
72.2 53.8
42.9 69.3
72.9 15.4
33.4 42.1
22.1 69.2
14.7 14.9
26.0 67.4
80.8 87.1
93.0 90.1
13.5 20.6
47.8 17.1
15.6 42.4
32.8 94.8
3.5 5.1
84.1 31.4
55.2 8.7
64.8 45.7
67.6 16.9
26.0 32.2
41.3 75.5
74.1 72.9
53.8 98.2
8.1 75.0
70.8 76.3
0.0 73.0
95
0.0 17.3
0.9 68.3
5.1 77.3
37.4 81.2
46.6 32.9
11.5 14.8
31.5 61.2
52.5 2.1
98.3 32.8
14.6 74.2
54.2 30.2
81.7 89.2
49.6 10.1
30.9 27.8
10.5 20.7
58.6 50.9
95.9 94.9
44.5 36.8
10.9 62.0
84.9 76.1
51.3 91.1
9.8 34.7
1.5 5.0
4.9 10.4
56.0 19.1
66.7 38.6
16.3 91.9
4.4 60.4
87.9 16.8
43.1 36.2
21.5 19.2
56.6 42.4
75.5 70.1
20.6 23.0
46.2 98.4
94.4 51.8
48.2 28.3
89.2 96.7
68.9 5.2
76.2 79.6
8.8 62.5
63.9 26.6
98.3 9.2
89.8 18.6
43.6 93.8
11.1 79.1
4.1 12.7
47.9 43.2
5.6 8.4
50.9 20.8
55.6 12.2
2.9 15.1
9.7 45.0
63.2 2.1
1.1 72.5
15.6 8.1
1.9 1.7
54.5 86.9
32.7 79.4
35.2 16.9
98.3 20.7
84.1 99.6
65.0 84.9
80.9 92.3
79.2 95.7
34.0 96.4
18.1 93.1
6.9 71.8
33.3 78.6
67.2 65.7
40.9 37.4
22.4 22.0
26.8 96.2
12.9 18.0
63.2 64.0
43.7 53.7
44.3 67.4
36.8 96.4
62.3 26.8
1.1 66.9
42.1 59.9
28.4 65.6
77.6 93.4
76.9 36.4
45.3 57.4
54.1 89.2
22.0 23.5
94.4 85.9
11.4 83.7
1.8 64.8
17.1 94.4
65.5 16.2
5.3 63.2
25.6 35.6
0.0 56.2
63
0.0 16.2
18.1 41.1
62.0 0.9
54.9 22.7
34.7 0.1
75.2 56.1
13.8 17.2
37.3 99.5
38.0 97.0
63.0 76.9
10.6 21.2
11.6 97.1
10.9 97.2
99.7 29.2
91.7 64.4
30.3 91.4
31.1 66.7
11.5 52.9
47.0 83.1
43.2 34.2
60.7 28.6
2.2 80.2
33.3 2.4
27.5 24.5
23.8 92.1
76.0 26.7
4.3 57.8
84.8 38.7
17.3 98.6
56.6 14.0
73.9 31.9
87.1 7.7
61.5 50.4
70.1 41.2
0.1 57.3
2.9 50.8
97.0 11.2
30.2 97.7
32.7 9.3
20.4 26.8
75.3 87.9
1.2 64.3
27.8 63.6
69.5 2.6
59.5 92.7
55.7 62.9
66.8 50.2
82.6 1.3
2.7 39.6
61.1 36.1
62.9 20.9
76.5 92.3
94.5 25.5
72.5 66.5
77.2 38.1
1.2 82.4
91.3 38.2
50.1 25.3
17.2 22.4
14.3 51.1
22.0 15.6
75.7 0.8
0.0 89.4
21
0.0 81.3
94.7 69.1
93.8 16.7
38.3 73.5
46.0 0.5
59.3 57.1
60.6 19.3
42.9 23.1
12.2 74.5
59.0 89.0
21.7 52.4
64.3 89.8
0.7 39.5
81.0 47.5
45.1 44.5
20.3 46.6
99.6 61.3
61.6 23.6
35.7 32.2
35.2 79.5
0.0 30.9
13
0.0 55.3
21.4 81.1
37.7 66.2
68.9 82.1
14.4 28.0
69.2 88.8
6.7 4.3
60.2 64.0
15.3 5.6
87.0 35.4
74.3 30.5
71.7 91.1
0.0 0.2
74
0.0 99.0
75.9 29.9
19.4 9.3
2.3 50.2
86.6 55.7
97.5 54.8
32.5 67.0
11.8 8.0
43.9 9.4
6.6 26.3
86.5 2.3
64.9 67.0
32.6 83.0
91.8 98.2
34.4 28.0
2.5 76.5
22.7 22.6
71.1 18.6
62.2 63.7
46.1 39.6
19.6 92.8
65.6 81.3
9.1 53.3
76.3 56.7
17.8 99.9
78.1 14.7
31.9 84.6
55.6 71.6
85.9 89.3
10.1 71.1
9.2 43.4
12.5 16.7
33.7 31.3
19.4 85.0
77.8 53.4
22.6 60.0
86.1 44.9
5.1 66.3
20.1 12.4
0.5 55.8
88.3 42.7
15.7 54.0
71.3 47.2
70.2 5.2
26.8 33.4
86.6 22.6
32.2 26.6
61.0 40.8
2.6 45.0
28.6 47.8
92.0 58.4
75.2 25.4
72.3 26.1
12.9 92.3
54.3 46.1
26.6 59.7
13.4 6.0
16.7 37.7
95.4 3.5
40.3 24.4
91.9 54.0
63.1 75.1
98.8 30.1
80.3 55.5
62.8 26.0
8.2 4.1
4.9 67.0
2.3 83.0
74.3 85.6
68.0 60.3
99.6 63.8
49.5 47.4
64.0 56.0
0.0 63.0
43
0.0 60.5
75.5 55.4
78.3 58.5
46.3 74.2
70.5 61.4
90.2 43.7
34.7 9.2
64.5 98.5
7.7 15.7
88.8 50.0
45.6 42.3
63.9 86.0
95.4 57.1
4.3 70.0
64.9 38.1
76.6 85.7
59.3 16.7
92.3 11.3
81.8 7.8
1.9 81.1
61.3 48.7
27.3 36.6
64.9 48.9
66.2 92.5
6.7 40.1
7.9 63.6
55.2 44.6
33.6 31.5
49.6 27.0
28.7 25.9
4.4 11.2
68.6 29.7
79.8 91.7
52.7 6.3
48.8 33.2
98.0 58.2
10.6 65.8
75.1 63.1
58.2 1.3
13.3 27.3
32.6 16.8
100.0 57.4
0.0 91.4
82
0.0 30.0
23.3 40.3
69.9 42.9
54.8 97.9
4.9 90.9
43.7 93.3
61.4 36.1
7.1 52.1
92.1 34.5
61.0 77.9
29.0 62.2
0.3 43.1
61.8 61.3
29.6 43.7
53.9 66.6
82.8 83.9
98.7 28.1
19.6 63.7
59.0 47.8
79.5 94.6
53.4 41.6
64.3 75.9
50.8 60.4
79.5 14.2
87.3 86.4
59.1 63.6
92.1 86.7
62.6 53.7
18.4 76.3
11.4 40.6
64.5 71.4
51.2 49.0
75.7 92.6
56.1 65.3
71.1 79.0
40.3 2.0
26.6 77.0
29.3 6.0
83.1 73.2
95.3 59.2
76.3 7.3
85.0 34.6
27.8 98.2
67.8 42.7
74.3 21.2
77.5 28.4
72.7 38.1
74.4 6.7
76.6 24.5
26.0 87.5
71.4 1.2
30.3 6.2
35.7 47.8
55.2 22.7
96.9 15.9
71.0 89.2
61.0 8.4
39.9 65.2
12.8 76.9
28.9 58.6
63.5 66.9
54.6 34.3
79.9 99.7
93.2 73.5
65.6 74.8
13.1 35.6
38.6 98.3
45.0 67.2
71.8 84.5
58.0 95.7
54.1 89.3
41.2 83.7
52.5 55.9
7.1 94.0
91.5 42.8
38.4 78.3
42.4 53.2
92.0 60.9
88.3 99.8
33.9 70.4
87.7 28.1
0.0 23.5
26
0.0 78.5
80.4 75.8
65.1 99.6
36.7 76.5
68.0 63.3
4.1 77.5
61.8 91.7
90.5 18.0
26.5 98.0
75.4 64.2
74.8 24.5
99.4 27.7
71.7 37.9
7.6 46.3
87.1 64.1
45.1 61.9
15.0 91.8
65.0 48.0
55.8 85.0
40.0 44.2
97.1 55.7
92.8 35.1
69.3 88.2
60.8 26.9
10.7 60.6
0.0 85.5
17
0.0 53.3
30.1 79.2
70.6 46.7
26.0 66.5
81.9 92.9
81.7 11.7
55.9 78.3
73.4 38.1
93.1 31.1
24.8 32.2
48.5 65.8
14.0 5.5
23.2 10.1
5.3 89.0
62.7 83.8
26.2 69.5
0.0 39.3
57
0.0 58.6
92.6 36.0
35.4 56.9
82.6 98.1
55.6 80.1
52.7 48.7
64.5 81.1
94.4 81.5
51.8 36.4
59.0 14.3
96.6 25.1
68.4 73.8
51.3 38.8
60.4 40.1
44.1 61.5
15.9 32.5
61.8 43.9
18.0 50.0
79.6 1.0
18.3 11.0
11.9 34.0
4.8 35.8
88.7 20.4
12.7 34.4
67.5 60.6
5.9 25.0
0.6 50.5
12.6 88.9
96.0 40.2
19.2 15.8
58.9 71.8
59.5 95.5
94.9 65.4
38.3 17.8
48.5 6.8
2.0 59.2
74.5 6.1
25.1 48.0
1.6 89.3
78.1 37.7
0.4 53.0
53.4 2.5
71.7 86.1
15.6 7.2
86.1 73.9
78.2 51.8
7.4 1.1
27.7 77.7
85.5 14.2
92.4 27.6
44.7 6.9
51.8 43.5
7.1 49.7
68.6 82.7
48.4 95.2
30.0 88.9
0.0 48.7
30
0.0 18.6
43.7 44.4
30.5 4.7
94.8 90.9
91.2 80.9
80.3 11.0
17.2 21.4
95.4 98.5
40.9 21.6
14.4 16.6
48.8 1.0
51.9 51.4
83.4 15.1
12.3 46.2
61.7 15.4
83.3 28.4
83.9 14.4
60.0 81.7
49.7 86.3
62.1 44.4
12.9 31.0
5.8 31.4
83.0 2.5
5.5 32.6
34.0 0.7
38.8 57.2
16.6 32.3
29.2 22.3
50.4 15.7
0.0 59.7
78
0.0 24.1
99.6 61.0
37.4 27.5
99.1 60.2
90.1 8.8
23.7 64.6
33.0 88.7
19.8 29.0
75.5 15.1
83.6 47.8
86.8 74.5
30.6 24.2
77.0 23.6
97.0 84.3
11.1 74.6
75.9 34.7
12.3 92.1
77.8 11.8
67.9 2.8
10.8 3.4
30.6 35.6
12.7 12.9
42.1 92.1
89.7 5.7
48.3 39.5
53.0 25.5
54.4 95.0
12.2 62.8
73.0 68.0
51.7 97.0
80.1 40.3
94.3 50.7
51.2 54.8
89.9 36.7
49.7 2.9
5.7 45.3
77.8 43.2
77.1 7.2
89.0 69.0
19.2 70.2
8.3 48.7
53.8 42.5
55.4 41.8
54.6 21.1
33.4 39.7
44.0 31.3
80.4 34.6
99.0 96.3
60.9 20.1
22.6 98.8
36.7 38.0
1.9 17.3
65.1 65.2
90.9 57.9
33.3 34.0
38.3 62.6
64.6 12.1
61.5 10.2
10.4 25.3
27.9 26.6
47.2 91.0
65.9 68.1
77.1 7.5
89.6 64.9
34.5 65.2
94.6 12.7
42.2 93.3
41.3 64.2
31.3 19.1
88.1 71.3
11.3 20.2
30.9 70.6
19.9 27.0
40.9 15.8
32.3 71.9
18.6 34.7
94.2 43.1
0.0 71.4
75
0.0 75.7
80.8 63.4
80.2 5.0
94.2 35.9
18.8 88.3
82.8 5.1
70.9 24.6
28.4 94.4
93.4 47.6
29.3 64.7
40.1 78.0
55.2 45.2
11.9 30.2
63.7 23.4
73.3 92.0
76.5 27.0
60.7 48.5
26.6 22.4
82.7 39.4
7.9 28.4
83.5 10.8
12.7 50.9
43.8 40.4
61.6 50.2
30.7 46.8
30.3 81.6
50.6 92.8
13.1 76.8
15.1 98.0
4.5 28.4
76.6 42.1
33.7 5.6
18.5 61.7
24.0 93.4
83.9 6.0
99.3 10.9
73.9 63.3
98.3 64.3
53.1 99.5
47.1 81.3
27.8 56.1
65.0 31.0
2.5 29.2
43.3 39.1
44.3 93.1
81.7 54.7
93.5 35.3
51.3 32.6
43.3 53.7
18.1 8.6
0.2 91.0
23.8 32.6
76.5 2.1
41.8 12.3
94.9 5.4
90.5 22.6
42.8 67.5
95.5 75.2
42.7 57.1
31.6 37.9
45.0 40.6
29.5 91.0
29.8 63.9
41.1 17.7
54.4 1.8
85.5 84.1
17.4 6.7
21.7 13.0
18.4 45.2
33.2 1.5
41.2 12.3
85.4 32.3
49.5 97.3
17.7 23.6
0.0 2.2
81
0.0 32.7
61.6 59.6
72.6 46.5
76.5 51.5
65.5 76.3
75.8 36.7
76.3 92.2
82.0 20.8
82.0 20.2
42.6 62.0
25.3 88.0
51.0 91.5
87.5 69.5
93.2 52.6
25.4 56.4
42.5 75.0
45.9 11.6
47.3 76.4
81.8 77.4
17.2 7.6
20.2 97.3
36.3 90.4
9.6 60.7
22.0 85.8
99.7 56.8
48.8 30.6
12.7 82.1
23.2 25.1
88.6 16.6
8.9 78.2
63.4 67.8
66.9 42.7
54.0 51.6
66.5 68.5
29.3 13.9
24.4 38.5
91.8 83.9
12.2 45.9
2.5 37.1
14.3 65.0
44.4 66.5
54.5 19.5
62.7 35.8
48.0 8.6
91.9 41.6
17.3 61.2
4.1 36.6
61.6 6.4
56.3 64.7
48.9 10.5
58.1 45.9
89.2 70.5
57.9 47.5
23.1 23.1
93.6 80.4
0.6 29.6
29.5 50.2
99.5 52.0
8.1 56.2
5.8 39.6
13.0 18.2
34.3 99.6
87.2 31.0
31.0 21.6
78.2 48.9
36.9 84.9
18.5 57.6
74.9 95.5
80.0 31.6
45.2 91.9
95.1 14.8
96.2 45.8
12.2 44.3
39.6 31.1
20.6 52.1
17.6 62.0
12.8 44.8
62.1 56.6
84.4 45.5
49.4 9.8
0.0 67.9
3
0.0 48.9
54.8 17.8
0.0 83.1
51
0.0 57.9
47.3 19.6
10.3 12.5
2.4 8.3
30.8 33.7
79.5 68.0
34.6 56.3
74.1 82.4
65.5 97.5
63.4 48.0
26.3 57.6
41.6 24.0
19.2 11.7
10.9 91.6
47.0 55.6
20.2 18.1
17.2 26.5
85.2 48.2
19.3 72.4
53.5 84.4
52.4 60.8
23.0 64.3
22.3 81.0
39.4 59.3
95.4 36.0
80.5 29.1
33.8 57.5
78.7 11.4
50.7 78.8
94.2 91.9
75.6 91.3
19.0 43.0
8.3 0.8
4.2 36.3
76.7 95.8
24.7 17.4
15.3 42.3
56.5 56.9
13.1 61.3
86.7 61.2
73.2 0.7
28.4 20.3
19.1 8.1
28.3 84.6
2.8 29.2
61.7 3.7
21.1 42.4
9.8 69.9
10.7 9.1
7.9 18.3
0.0 13.1
67
0.0 56.8
25.8 22.2
0.5 79.3
49.4 18.8
52.7 65.8
52.6 94.4
44.4 81.6
92.4 41.6
26.7 80.0
43.4 70.6
60.9 3.8
16.6 47.9
45.9 8.8
51.7 48.3
98.9 81.9
14.2 26.6
45.6 86.8
36.5 27.1
3.9 5.9
96.8 78.6
7.9 81.4
57.6 19.6
24.2 35.0
83.7 26.2
64.0 68.4
47.2 31.4
4.0 89.5
76.9 78.5
41.6 74.6
71.2 45.6
70.5 47.2
14.3 93.3
32.0 88.8
40.4 65.6
50.8 9.0
37.0 99.8
26.2 61.8
86.1 16.1
2.4 76.7
59.2 82.8
72.4 35.0
43.0 24.9
82.2 56.0
16.4 24.4
40.6 90.0
47.2 98.6
80.9 47.9
26.4 5.4
92.8 96.5
26.6 50.6
39.0 12.7
50.0 34.2
83.1 43.7
7.4 71.4
45.5 78.3
81.3 19.9
55.9 94.1
90.3 55.7
43.9 81.9
19.0 53.0
85.4 73.7
93.4 16.5
25.9 12.3
2.4 91.7
99.2 19.2
12.4 33.5
0.0 88.4
31
0.0 85.1
45.6 91.8
6.2 15.7
5.6 13.2
14.2 37.8
35.1 14.8
83.3 26.4
49.5 62.7
45.2 99.4
39.7 63.2
26.4 91.7
30.7 68.8
86.4 58.6
90.7 22.7
35.6 15.3
97.1 87.7
44.5 80.4
56.1 5.0
67.0 85.6
95.5 3.7
93.3 18.4
72.2 5.9
21.6 35.1
62.5 80.7
2.4 27.4
34.4 76.6
47.5 1.2
71.1 40.2
68.7 59.6
90.9 63.1
0.0 39.4
8
0.0 40.5
72.1 19.2
23.9 17.9
24.6 53.0
71.5 68.1
96.7 38.8
43.4 43.8
0.0 61.0
92
0.0 78.0
66.1 57.7
39.2 54.7
67.8 35.1
77.0 59.3
17.4 35.0
55.8 6.0
41.6 15.8
77.5 38.3
67.0 33.7
92.3 57.8
86.2 82.2
79.2 89.8
61.2 98.4
53.5 24.7
11.7 23.5
32.8 4.7
40.7 84.9
89.9 73.8
57.8 73.7
2.2 54.8
52.9 84.3
49.0 72.7
26.0 64.1
81.3 4.2
65.7 84.6
90.6 97.2
8.1 10.1
7.2 11.6
26.4 44.8
62.6 34.6
91.9 46.2
73.8 61.8
92.6 72.3
48.3 15.4
71.9 33.9
51.5 57.9
56.5 53.0
43.7 44.6
69.7 32.2
16.8 7.0
59.0 75.0
11.9 1.2
34.8 92.6
3.0 95.7
79.9 8.7
23.3 98.1
39.2 48.5
3.7 51.7
77.2 2.0
80.5 77.0
41.5 0.2
96.7 8.9
67.9 97.0
66.9 14.1
45.5 65.1
2.0 94.7
89.3 8.7
7.2 34.1
38.7 40.5
26.1 69.2
78.4 76.4
14.5 2.7
69.8 64.0
59.4 80.7
39.7 12.1
84.0 54.5
57.4 84.5
7.6 28.4
36.7 80.9
9.1 65.5
89.2 56.8
31.1 69.4
12.8 81.7
63.7 52.6
49.9 10.4
98.8 62.1
64.8 44.3
61.3 80.8
52.3 1.7
75.6 54.7
88.4 51.9
6.0 66.8
24.2 18.4
1.0 23.5
32.1 89.3
59.6 7.9
0.7 54.1
82.3 46.3
47.9 32.0
36.3 31.2
0.0 80.0
96
0.0 93.6
26.3 33.5
71.1 92.2
29.2 31.8
57.8 14.0
90.9 8.9
63.0 51.9
62.8 73.9
46.9 23.9
80.0 71.5
3.5 90.1
54.6 74.6
77.2 91.4
72.7 54.4
1.2 24.4
7.1 69.1
29.8 48.3
50.0 96.9
49.2 6.7
41.4 22.7
95.8 62.3
59.3 19.7
97.4 87.1
80.8 9.0
33.6 44.6
16.9 30.3
61.5 25.2
60.6 63.6
99.9 70.2
60.8 13.9
66.0 46.3
55.0 10.0
43.3 76.6
40.0 96.8
54.7 22.8
22.9 47.3
24.7 0.8
95.9 70.9
97.3 26.5
68.0 77.3
64.0 67.0
29.4 32.5
83.6 68.2
85.4 71.7
13.0 46.0
25.3 52.2
7.5 14.1
28.9 94.8
41.8 20.2
96.9 10.8
25.4 39.8
32.2 80.2
42.5 8.7
13.1 36.5
52.8 89.8
61.8 16.6
94.6 75.1
87.4 59.6
54.2 79.3
43.6 57.1
97.4 87.4
43.8 57.9
86.7 60.9
20.1 84.6
69.6 97.0
49.7 64.5
47.4 4.6
53.4 46.3
29.8 63.9
21.5 59.8
73.0 80.6
75.9 87.0
79.0 47.3
88.0 9.2
50.1 25.8
63.0 75.4
71.7 37.2
81.7 29.9
92.5 80.5
74.9 40.2
49.8 3.2
28.4 31.6
3.1 96.4
83.7 70.7
56.7 66.4
65.9 24.6
35.4 73.4
65.0 92.5
83.9 59.8
70.3 30.0
43.9 17.2
16.4 44.1
68.1 98.1
32.5 2.8
5.5 46.1
0.0 41.5
63
0.0 12.9
72.4 13.5
85.0 80.4
67.9 89.3
33.3 27.9
94.5 5.3
71.5 60.9
54.4 31.7
88.1 14.4
39.7 17.6
41.8 64.0
98.0 99.1
70.5 51.2
46.9 77.0
33.0 28.8
45.2 71.0
92.4 49.5
62.4 16.3
81.5 11.2
97.0 9.4
70.9 46.1
52.3 1.6
52.9 67.1
95.7 54.4
21.3 74.9
44.1 20.4
64.9 85.8
9.7 89.4
4.9 28.0
33.4 80.1
37.2 97.4
3.0 85.9
31.9 22.7
29.1 84.5
35.5 75.7
10.9 65.0
63.3 5.9
73.7 67.4
49.3 12.3
82.5 56.0
36.1 33.0
75.8 21.4
51.6 37.0
91.4 20.3
73.6 32.1
72.7 11.3
26.2 53.6
0.2 62.0
24.0 13.3
87.5 24.2
22.6 38.1
54.7 2.2
65.6 83.5
18.6 43.7
95.1 44.2
98.4 65.0
90.0 97.0
11.7 9.7
38.6 74.3
77.4 94.0
42.5 11.9
41.5 44.5
0.0 57.9
99
0.0 87.2
9.1 55.6
12.0 23.8
83.5 89.9
78.1 58.5
60.0 83.0
77.3 94.5
89.2 58.1
35.0 77.6
42.1 76.0
66.5 71.0
1.2 75.8
66.6 45.5
40.5 70.7
74.7 39.7
71.5 90.1
68.5 7.8
24.0 95.5
91.5 23.0
94.8 59.9
28.1 21.6
60.1 38.0
81.8 30.5
71.9 41.6
97.5 21.1
80.8 59.6
67.1 21.2
63.9 76.3
74.8 12.7
43.2 55.6
99.2 33.0
91.5 91.5
1.3 24.6
77.5 99.2
40.7 66.3
52.8 61.6
64.5 91.2
25.3 16.8
68.0 69.1
17.4 43.4
59.3 51.6
1.8 49.7
68.7 77.7
41.3 67.1
38.4 3.5
82.2 71.5
57.3 13.7
37.8 14.8
88.6 53.5
26.4 81.4
28.0 37.4
89.3 94.2
46.1 88.9
51.6 77.9
83.0 87.3
93.1 49.5
20.4 30.7
23.6 68.9
55.6 87.8
63.7 13.8
44.8 87.9
15.7 93.1
33.8 50.2
39.9 83.9
28.1 44.9
30.4 96.2
76.5 50.6
5.2 32.4
12.6 54.2
4.1 18.8
59.1 64.5
34.1 38.6
9.3 62.7
93.0 74.3
19.8 87.2
3.3 74.8
62.3 21.5
19.8 75.6
7.4 84.2
50.8 54.1
73.8 74.3
55.2 62.5
76.1 92.7
80.1 22.7
90.2 92.2
89.1 20.6
14.8 38.9
44.3 93.4
84.0 28.0
55.2 78.3
9.4 65.4
39.7 89.4
64.1 68.8
2.2 72.3
15.7 76.9
44.6 2.5
33.4 24.3
56.3 3.0
0.0 19.7
62
0.0 46.5
5.4 17.5
61.5 95.6
75.2 96.2
46.4 71.8
75.3 42.6
52.8 33.5
19.5 77.9
14.0 81.7
67.9 55.3
43.5 6.3
5.6 41.0
15.8 95.4
34.4 5.4
75.1 52.2
50.6 78.5
19.3 63.4
37.2 11.2
34.5 4.0
96.7 12.6
40.5 68.8
48.7 63.8
47.8 21.9
35.8 11.2
77.1 83.8
78.6 50.4
64.8 0.8
29.6 65.9
45.1 48.3
19.8 26.2
4.5 31.9
27.5 49.3
34.0 79.4
70.0 34.0
27.3 35.1
37.8 63.9
5.4 33.2
52.3 68.3
54.2 35.8
34.4 72.5
45.2 49.6
41.2 87.7
98.1 35.8
8.2 18.5
71.5 24.1
12.6 19.1
14.0 7.2
29.9 15.9
71.9 84.7
93.8 53.4
97.9 36.7
21.4 46.0
9.7 37.3
79.0 21.3
10.3 89.7
94.2 31.7
27.6 53.1
77.4 96.9
11.9 75.8
4.4 24.6
94.8 16.6
0.0 2.3
77
0.0 41.7
92.8 13.3
93.5 89.6
80.5 29.2
20.8 38.8
30.9 90.0
77.4 21.8
80.0 27.7
85.7 71.9
6.4 47.8
81.7 50.8
37.6 72.5
62.5 48.4
38.6 57.4
38.8 11.7
85.4 16.6
99.6 57.6
29.3 45.5
85.0 46.9
66.4 41.9
3.1 22.0
45.1 67.3
19.2 23.4
24.0 83.9
44.2 41.5
87.2 60.0
57.9 56.5
48.0 96.9
4.1 69.0
21.2 1.0
51.0 60.9
1.6 71.2
73.5 63.3
78.9 50.4
89.9 63.4
26.4 39.2
41.3 45.7
4.1 80.6
63.1 95.7
14.0 21.4
64.7 7.6
14.0 48.1
36.7 38.3
93.9 63.3
73.0 55.6
39.7 15.9
95.2 44.0
61.4 1.7
49.5 66.8
60.2 32.9
51.3 19.7
81.1 38.6
26.8 51.9
50.8 19.5
6.6 55.0
3.4 93.4
37.2 14.6
2.9 66.4
75.0 0.4
37.9 61.1
2.3 24.5
55.7 50.7
34.7 56.9
46.7 92.3
49.9 22.1
75.1 2.3
80.7 10.6
91.3 83.1
34.3 86.2
88.2 92.8
20.9 60.8
41.2 90.8
84.0 60.3
5.0 81.5
15.3 29.4
93.6 16.9
0.0 73.3
15
0.0 94.1
69.1 98.7
23.0 8.9
11.8 90.1
65.1 89.6
97.0 8.5
79.9 43.3
31.3 55.0
94.4 34.0
97.7 62.7
87.3 78.8
88.6 61.2
74.9 92.2
97.9 58.1
0.0 37.9
21
0.0 72.8
99.9 1.9
96.8 13.4
12.6 6.2
8.8 57.2
43.7 99.2
57.1 71.8
79.2 91.8
60.5 1.0
85.2 53.8
55.1 16.1
75.0 15.7
41.5 70.2
75.9 16.0
5.5 83.3
17.4 96.0
74.0 21.3
96.1 25.7
14.4 20.1
17.8 61.3
0.0 6.7
85
0.0 9.4
55.7 99.3
99.0 12.5
42.2 51.6
78.3 56.9
27.4 8.0
32.6 5.5
92.9 17.0
26.9 84.2
27.9 82.1
70.7 47.9
81.7 69.5
57.4 46.4
60.9 12.1
31.6 61.5
21.1 1.9
88.1 9.4
53.8 29.8
66.0 40.6
50.6 94.4
58.9 43.6
80.0 2.0
57.9 42.7
14.5 53.7
74.5 81.4
90.4 27.0
73.2 23.0
35.4 51.5
12.4 51.6
20.0 31.4
29.7 31.6
50.1 85.3
38.9 98.7
45.9 32.6
37.5 26.0
22.4 59.8
16.1 36.3
35.0 68.8
16.5 50.7
26.1 90.8
89.2 80.2
59.0 4.3
39.1 91.5
68.7 7.4
95.9 16.4
82.1 99.9
84.1 99.8
33.3 40.5
32.8 43.3
96.8 30.9
42.0 51.1
47.1 1.7
33.4 96.0
7.6 86.5
17.3 97.1
84.6 71.9
44.4 75.3
60.0 31.5
11.4 84.4
6.9 99.9
5.2 93.6
54.3 88.3
95.9 60.6
84.2 45.5
88.0 94.3
77.8 45.8
45.2 8.1
58.0 17.0
8.1 91.8
66.3 16.2
65.9 59.0
61.7 95.0
10.2 44.9
22.8 16.8
4.9 29.4
90.4 99.1
3.2 83.5
93.4 51.2
93.1 78.1
2.9 53.4
34.1 58.4
49.8 94.0
6.6 91.7
40.0 46.8
0.0 72.2
8
0.0 49.1
5.7 45.7
30.4 69.7
80.6 44.8
92.2 20.5
84.5 76.5
89.9 16.7
0.0 56.6
18
0.0 47.1
10.8 47.9
69.2 55.6
78.6 73.7
69.2 8.2
56.9 5.5
80.4 16.8
68.5 26.8
74.6 62.7
68.7 14.5
74.4 8.4
69.0 19.4
15.8 0.9
33.8 68.7
46.9 86.7
76.3 71.8
86.7 79.0
0.0 6.1
56
0.0 33.2
57.7 96.3
64.0 91.8
74.7 10.1
63.2 99.5
25.4 74.4
75.1 8.4
94.3 84.2
93.5 61.2
9.1 5.3
87.6 13.1
44.4 3.1
10.7 21.7
26.7 18.8
5.3 54.7
49.1 55.9
41.4 41.8
9.8 33.5
25.0 94.3
34.7 69.8
89.4 19.5
23.4 44.5
37.1 34.2
86.1 57.6
73.0 1.1
37.0 65.3
75.7 18.7
69.9 87.1
40.8 87.4
27.0 4.3
18.4 18.1
89.7 30.4
68.3 10.5
75.1 54.8
43.6 44.5
6.4 78.7
11.5 75.2
13.7 61.1
28.2 58.2
60.4 95.7
86.1 68.4
97.5 25.8
28.8 52.5
36.9 54.6
98.0 83.4
30.7 98.1
76.6 84.9
64.7 45.0
30.6 73.9
71.8 11.6
42.2 85.2
3.3 40.0
15.7 29.8
42.6 82.5
67.7 47.2
0.0 75.2
31
0.0 57.9
41.9 8.3
29.6 22.8
39.6 8.8
12.1 6.4
98.9 86.5
65.3 99.0
11.8 20.1
46.3 88.4
3.0 23.6
68.2 32.7
56.7 87.8
90.4 96.8
49.6 8.9
88.8 92.8
17.2 45.7
56.5 4.3
2.3 52.9
17.4 77.0
82.9 78.4
57.3 48.8
98.7 67.8
67.3 1.2
99.6 44.9
31.7 17.4
51.4 73.9
5.0 68.8
49.9 26.3
91.4 89.3
16.7 73.4
0.0 12.6
69
0.0 41.9
35.1 64.7
40.8 44.2
38.3 86.4
25.3 74.0
60.1 45.2
15.5 45.5
20.5 48.6
53.6 23.9
18.0 81.3
3.3 30.0
71.7 4.2
37.3 19.8
67.1 6.7
12.5 77.5
61.4 43.6
80.8 18.2
91.5 79.0
36.7 49.0
56.6 1.4
52.1 95.8
33.6 44.0
41.4 27.3
25.8 48.8
63.9 21.4
22.8 90.6
77.4 65.7
85.2 63.8
33.0 27.7
95.6 81.6
94.6 98.7
99.7 91.0
92.5 20.8
52.1 60.0
5.9 57.1
9.5 72.1
30.4 63.8
74.2 25.3
52.3 32.5
13.9 67.5
39.6 49.5
23.6 56.5
100.0 22.6
48.2 30.1
36.8 9.5
51.4 2.0
69.4 40.6
59.6 10.8
27.3 96.3
59.5 98.8
20.6 92.0
28.7 1.4
38.3 83.9
28.8 25.5
28.2 81.3
57.0 35.1
34.3 86.4
17.5 16.4
42.6 19.7
97.8 76.8
65.8 86.2
76.7 83.6
72.1 50.5
23.3 50.0
57.6 80.2
99.8 10.3
21.6 86.8
92.3 69.6
0.0 27.9
39
0.0 47.2
83.8 45.2
46.5 53.0
15.5 85.9
53.8 64.8
59.7 61.3
92.9 49.9
70.5 98.3
41.7 92.1
80.0 32.5
58.5 73.9
14.0 20.3
63.6 40.0
25.4 57.9
20.7 85.7
82.9 94.3
92.9 38.2
95.2 2.2
37.2 44.7
62.2 82.1
2.3 59.1
16.8 95.5
45.1 42.1
63.6 34.4
51.0 45.4
10.9 55.8
35.5 41.1
96.6 14.6
11.5 1.8
87.4 52.5
73.3 38.2
79.0 40.2
73.4 63.6
52.7 56.1
61.6 65.8
36.9 30.1
58.2 32.1
11.9 93.9
0.0 46.1
2
0.0 82.9
0.0 68.3
91
0.0 34.2
63.3 14.8
88.8 76.8
43.1 74.3
31.2 40.2
22.8 99.0
99.8 27.2
91.3 4.5
3.7 68.7
74.0 7.2
25.4 83.1
57.6 41.0
18.9 23.1
5.3 65.0
22.2 49.0
61.1 68.8
98.8 54.1
17.7 26.4
64.2 13.8
97.3 93.1
76.9 65.5
13.4 67.8
22.1 91.5
2.0 23.7
90.8 63.3
1.4 7.2
87.7 18.4
96.2 26.5
55.1 42.1
83.0 17.9
26.3 75.6
75.3 85.8
86.3 43.0
81.0 57.4
41.3 65.9
63.5 64.9
35.4 77.5
91.3 39.2
53.4 76.9
88.8 47.4
77.3 9.6
99.7 48.8
76.5 43.4
47.8 86.6
8.2 28.8
66.7 63.9
76.9 79.6
13.7 21.9
19.9 9.4
40.5 96.7
24.7 59.9
32.4 80.8
34.3 17.8
3.8 25.4
14.9 19.0
23.7 83.9
22.6 12.0
78.4 83.2
15.1 69.5
8.2 15.9
92.0 60.3
80.2 82.7
55.9 47.6
85.1 46.0
30.4 72.1
38.4 19.0
3.4 59.6
32.1 96.6
63.9 86.9
47.2 9.9
17.9 50.9
25.0 62.0
22.5 1.0
73.7 4.8
74.9 20.3
30.1 65.2
57.4 10.3
80.1 30.7
20.9 37.9
97.3 86.4
85.0 26.9
14.3 51.3
68.3 5.5
68.1 68.9
28.3 8.4
51.5 58.9
37.8 25.6
91.9 79.8
13.6 22.3
85.9 76.1
0.0 14.5
54
0.0 53.0
74.9 49.5
78.9 21.0
34.2 50.5
22.4 95.5
28.8 37.4
54.8 1.9
62.3 35.4
3.7 93.0
61.5 88.1
7.8 5.9
27.1 20.7
33.8 32.7
31.1 84.8
88.5 27.1
35.1 3.5
67.8 13.6
25.1 73.1
40.0 8.9
7.7 81.7
69.4 47.3
19.1 14.3
25.6 10.6
81.2 27.0
35.3 19.0
25.3 38.8
3.7 35.2
89.2 8.0
50.2 73.0
18.6 62.6
35.9 27.7
20.3 8.9
33.0 34.9
62.1 62.8
69.3 88.8
94.4 0.5
52.6 48.8
17.3 95.5
92.0 35.6
12.3 99.8
1.6 56.2
49.7 88.9
7.1 49.6
14.5 50.8
92.7 57.0
95.9 32.9
57.5 84.6
6.0 34.3
80.6 0.9
11.3 0.6
58.5 65.2
73.5 23.0
57.5 63.1
0.0 3.0
79
0.0 35.3
97.7 4.0
3.1 89.6
20.2 29.8
81.8 17.6
60.7 85.8
83.2 33.5
7.7 34.4
14.2 61.8
15.8 69.4
36.1 77.7
50.7 38.9
75.5 15.2
62.5 96.3
44.0 9.2
78.8 54.7
8.2 48.5
93.7 30.5
56.6 1.0
44.6 21.3
57.2 25.9
34.1 63.7
20.6 64.5
38.3 42.5
37.6 55.9
99.9 23.1
85.1 94.6
20.6 59.1
51.6 6.4
10.9 44.2
68.6 32.4
13.0 11.7
4.5 26.5
28.3 84.4
29.7 39.7
79.8 36.2
18.3 45.2
45.5 78.7
92.8 65.9
59.6 55.1
67.9 43.5
54.9 66.0
58.0 42.0
98.1 10.3
38.6 94.0
9.2 34.6
84.6 33.9
42.9 95.2
86.4 7.6
39.7 56.0
66.2 42.6
77.2 22.2
30.8 58.7
89.0 13.1
48.9 26.7
31.4 78.4
11.6 58.9
61.9 0.6
39.8 61.0
86.1 73.4
99.0 72.6
77.7 37.5
70.9 4.4
4.7 7.6
73.4 56.3
48.4 57.5
61.6 98.4
89.4 95.4
23.6 57.0
38.1 13.4
6.0 30.3
8.9 70.5
23.0 59.6
39.8 51.3
15.1 52.1
55.2 86.0
24.1 30.8
61.4 14.2
0.0 45.0
32
0.0 58.5
83.2 87.9
88.3 16.3
33.3 25.8
87.1 56.7
60.2 5.8
39.6 89.0
22.2 57.6
70.5 81.2
25.0 4.1
40.7 47.0
81.3 54.3
90.2 31.6
69.6 65.2
17.6 19.8
9.2 83.4
38.1 70.7
79.3 85.5
46.3 71.0
47.2 64.6
15.9 78.1
47.1 20.4
94.4 77.8
78.1 54.2
67.7 60.2
99.1 54.5
49.0 74.6
94.5 27.1
93.5 71.7
54.3 57.5
13.6 16.4
0.0 92.5
25
0.0 92.1
82.0 41.0
78.5 98.4
36.6 36.6
24.7 73.2
72.1 96.3
65.4 18.4
51.9 89.9
44.2 90.2
33.2 64.8
77.1 29.2
96.1 6.6
74.3 52.4
59.9 32.4
12.1 14.6
7.2 29.2
41.4 30.1
34.3 63.9
53.3 41.6
9.4 66.1
58.9 68.8
72.7 87.1
9.0 47.0
90.3 30.3
0.0 8.2
7
0.0 44.0
26.3 28.1
97.1 54.9
72.9 81.2
32.4 74.8
40.8 1.7
0.0 7.1
80
0.0 91.4
30.1 70.6
72.8 9.2
30.7 40.5
45.3 34.6
26.2 19.0
8.4 1.8
36.9 59.7
43.0 77.0
2.8 4.1
91.9 44.5
97.1 74.2
52.2 27.9
49.7 4.3
11.4 9.7
68.4 70.8
66.2 67.7
18.6 64.5
35.7 84.2
62.9 74.4
79.5 36.0
46.0 25.1
50.4 14.0
72.6 76.1
22.1 12.9
6.9 52.9
84.2 38.6
53.4 78.9
12.8 54.6
19.7 67.0
31.0 7.9
10.5 83.2
80.3 97.8
16.9 67.6
49.7 98.8
34.3 15.8
33.6 40.3
28.5 37.0
28.4 27.5
71.2 69.6
41.4 50.7
87.6 56.9
76.6 60.9
11.6 95.3
70.0 28.2
43.7 40.1
88.7 53.2
22.2 89.3
22.3 93.2
65.9 73.7
48.5 83.5
18.2 29.5
85.7 58.8
59.9 90.8
79.4 93.2
35.7 91.6
70.8 98.4
69.6 63.6
56.4 31.9
3.8 10.3
33.6 82.5
47.0 78.0
70.1 25.8
75.5 65.9
11.4 71.6
39.7 50.9
38.3 81.0
75.1 92.0
74.7 50.5
78.4 62.6
46.1 67.4
37.8 92.7
84.4 75.2
3.8 35.3
10.9 82.0
76.5 0.1
96.8 78.4
99.5 98.8
50.6 8.3
0.0 18.9
23
0.0 67.6
37.2 61.7
10.8 62.7
84.5 9.2
43.8 37.1
56.3 29.9
10.5 71.5
32.8 6.4
19.5 59.5
48.3 60.2
65.0 19.0
97.1 11.8
90.9 56.3
44.5 68.2
81.3 67.3
74.2 35.3
8.8 70.0
85.7 29.4
57.6 45.5
43.9 85.9
36.4 87.6
77.0 31.8
0.0 48.0
83
0.0 55.7
19.3 1.5
27.7 12.6
26.9 0.1
13.0 56.8
50.0 66.7
62.9 32.9
22.9 43.5
5.8 16.8
15.6 66.0
97.9 42.7
58.6 96.0
27.8 48.6
2.9 93.6
71.8 77.9
40.8 69.8
99.9 79.1
10.2 41.6
82.4 55.4
21.2 91.9
30.1 35.5
67.4 12.6
23.2 20.7
83.2 60.2
44.3 28.3
27.1 57.5
76.3 96.3
71.9 12.6
52.7 1.8
67.9 3.7
71.0 94.1
36.9 77.4
9.4 95.6
53.6 38.5
61.5 34.7
86.9 94.6
1.0 8.5
95.9 91.4
47.9 34.2
48.1 77.1
18.9 19.2
92.1 44.5
73.8 32.6
52.8 79.9
10.2 75.6
82.9 45.9
20.7 29.1
99.6 41.7
99.8 60.9
51.9 51.8
55.9 1.9
19.8 93.2
73.0 45.7
76.5 33.0
59.4 57.9
75.0 19.5
53.9 46.6
26.4 86.2
91.6 88.2
87.5 53.3
11.0 66.8
11.4 85.0
67.7 23.4
15.8 44.1
95.8 24.0
46.0 18.3
99.7 92.3
65.0 78.3
93.1 76.7
60.7 59.2
30.4 7.3
38.1 71.4
28.3 75.3
76.5 98.2
45.1 32.3
32.4 48.5
44.5 37.8
47.2 23.3
45.4 49.6
46.0 83.3
18.4 82.3
99.5 62.7
0.0 43.0
13
0.0 24.3
88.6 61.7
98.7 46.5
16.7 54.2
76.1 61.1
70.7 78.6
59.3 7.2
9.8 25.3
24.3 14.8
77.0 68.7
18.4 56.2
25.0 76.7
0.0 9.3
42
0.0 36.4
36.2 35.9
77.7 44.0
41.0 9.0
43.5 78.1
48.6 81.9
76.7 29.8
87.3 68.5
51.6 93.6
8.3 38.8
99.8 97.5
19.4 28.7
80.4 67.4
80.7 78.0
57.2 4.5
69.8 34.7
71.8 39.0
51.6 39.0
89.8 42.6
32.4 90.4
18.2 79.3
80.3 55.0
69.3 76.6
29.8 29.4
44.0 26.0
32.9 30.9
81.5 80.9
19.8 42.4
62.0 12.2
20.1 82.2
67.5 37.8
59.2 38.1
38.0 81.2
69.6 38.8
94.9 91.1
2.2 64.1
75.0 98.6
1.4 28.1
20.3 37.2
74.5 39.3
9.7 38.5
0.0 7.3
32
0.0 10.5
31.7 30.7
83.5 39.6
57.3 66.0
22.6 69.0
38.2 36.2
5.9 50.7
6.8 98.3
18.3 79.1
47.2 26.5
39.6 54.9
2.5 12.6
5.8 75.9
39.1 66.4
52.9 67.3
61.0 35.3
76.2 46.8
43.2 33.0
98.4 60.1
28.8 9.2
49.0 86.9
64.2 59.8
83.6 79.0
11.7 56.3
69.2 0.5
7.9 61.5
91.8 15.7
53.1 6.2
14.8 23.6
85.0 89.2
40.6 98.3
0.0 34.8
56
0.0 79.6
83.9 58.3
3.2 75.5
51.8 31.8
52.2 12.6
94.5 15.6
44.1 15.1
90.1 93.4
42.6 60.3
82.0 47.2
29.0 42.0
20.7 44.3
31.0 94.4
47.5 57.0
27.8 18.5
60.2 39.0
57.9 20.2
19.9 92.8
41.3 86.3
20.9 70.1
90.0 57.5
3.1 78.3
54.1 66.3
47.2 42.9
23.0 34.6
51.0 97.0
26.5 19.6
74.9 39.9
65.3 52.7
52.4 55.8
69.0 38.3
52.1 99.6
83.7 39.0
55.6 86.1
53.4 15.5
94.9 85.7
77.5 73.1
14.9 1.6
33.1 43.4
16.4 1.5
56.8 36.7
12.7 13.4
38.0 54.6
85.3 71.4
36.7 78.5
61.3 47.2
69.1 36.4
20.4 70.3
46.9 17.7
75.7 89.7
91.0 28.2
48.8 65.9
12.5 15.6
2.0 91.3
88.5 17.2
0.0 79.8
87
0.0 93.2
73.8 66.5
85.0 12.7
6.5 70.8
56.8 49.2
79.2 57.5
2.3 26.0
29.9 37.1
12.1 4.6
60.7 78.4
8.7 87.0
8.0 89.0
27.1 33.9
65.9 87.4
72.2 15.9
4.4 65.2
31.9 24.9
31.7 56.5
98.2 72.0
96.3 65.6
4.3 82.9
37.4 39.0
92.1 66.3
19.4 34.6
9.0 23.3
65.8 90.1
95.0 59.4
36.0 70.4
69.2 44.6
35.8 43.3
47.8 51.3
42.1 2.9
57.4 51.8
8.2 54.3
80.1 53.1
33.3 18.2
83.1 6.0
87.8 2.0
7.1 72.1
44.9 98.7
24.1 89.3
77.0 74.2
36.4 27.9
52.0 88.8
63.0 31.7
91.2 57.9
82.2 59.2
4.6 26.5
70.7 44.7
21.9 82.7
45.0 7.0
93.5 9.5
53.7 44.5
87.1 92.9
31.9 87.1
60.3 95.5
30.6 81.1
99.6 25.0
83.3 66.4
98.2 52.3
34.7 52.8
76.0 8.9
91.8 77.5
95.3 20.6
7.4 20.7
72.8 45.2
8.2 17.8
69.0 10.2
35.6 92.0
26.7 26.7
38.3 43.0
44.0 7.5
11.2 30.5
11.9 82.4
92.0 75.9
36.8 54.8
43.5 57.7
71.6 68.6
18.9 42.9
69.2 42.2
27.8 58.2
24.2 46.3
17.7 76.0
15.4 60.6
31.1 99.5
12.3 42.2
0.0 11.3
10
0.0 73.3
56.0 58.0
27.3 94.8
79.4 60.7
43.9 27.0
64.2 63.1
93.6 85.5
78.5 8.1
46.0 25.0
0.0 19.4
26
0.0 27.3
61.5 77.3
78.3 57.8
19.0 41.0
70.2 72.4
61.6 36.6
59.2 42.6
44.4 55.6
51.4 67.6
54.1 94.5
96.4 94.8
54.9 34.8
38.4 5.5
74.7 40.3
20.5 13.3
70.5 44.4
58.5 3.9
46.5 80.3
99.6 23.1
17.8 35.8
56.8 80.0
33.7 27.0
49.0 21.2
32.2 16.4
73.0 79.9
0.0 5.9
7
0.0 17.3
88.4 91.0
65.1 76.3
41.2 84.8
32.0 51.9
67.1 63.0
0.0 55.4
77
0.0 8.4
51.0 82.2
84.6 11.3
66.6 59.7
19.5 57.4
29.7 6.3
25.5 37.2
32.4 42.9
3.8 90.0
4.5 73.0
85.8 0.7
30.0 40.2
85.1 35.5
84.0 11.1
70.4 77.1
56.0 22.6
8.8 92.5
37.6 40.9
27.1 34.6
44.2 17.7
12.5 12.8
43.7 88.6
72.1 20.6
74.8 58.1
40.3 87.6
65.0 77.1
75.3 48.1
16.4 31.4
29.3 84.3
69.0 92.4
43.9 61.9
36.7 39.0
16.3 75.3
2.0 19.9
12.3 25.2
4.4 11.2
45.7 9.8
12.0 42.6
20.9 26.1
25.2 7.6
60.3 19.6
47.9 71.0
84.0 33.7
21.5 17.8
93.7 79.8
10.9 72.6
88.6 44.9
27.6 68.6
52.9 64.4
10.9 70.4
91.3 98.0
0.2 78.1
28.8 89.0
60.5 84.4
82.1 24.5
53.6 95.7
54.4 35.5
39.1 28.3
52.0 13.4
48.6 79.4
95.3 19.4
82.7 9.5
91.7 69.2
51.6 40.6
42.1 82.2
95.5 61.3
77.3 71.8
97.2 34.4
25.2 79.6
89.8 61.2
90.8 81.3
88.1 55.9
85.5 95.9
50.1 74.6
46.3 39.2
64.7 52.2
0.0 72.6
34
0.0 71.7
13.8 42.8
32.9 51.5
71.0 50.9
92.5 32.7
9.0 28.1
18.8 58.2
4.9 37.0
34.6 77.8
0.1 68.9
73.4 10.8
50.3 72.5
74.9 84.6
78.2 13.7
85.1 89.8
0.3 76.5
86.1 71.2
2.6 9.6
59.6 54.7
44.7 22.4
66.5 20.4
47.1 69.0
28.5 23.3
48.7 18.4
42.7 62.0
52.3 6.8
60.5 16.6
44.8 55.5
97.4 71.7
0.8 31.7
64.8 14.8
42.1 55.3
83.8 76.9
0.0 88.8
37
0.0 37.2
46.8 37.9
44.0 2.1
21.4 54.9
58.5 11.6
1.0 10.1
3.6 0.5
47.5 72.5
57.9 84.0
94.6 95.1
20.0 78.0
1.2 61.4
20.0 27.4
13.4 2.9
15.8 74.6
83.7 30.4
32.8 63.8
42.1 87.3
84.6 10.3
13.4 20.9
91.1 54.2
61.4 68.0
62.0 28.9
80.5 43.7
92.8 1.5
81.4 68.1
76.9 96.5
52.6 23.3
64.0 78.1
6.7 53.9
88.1 98.6
91.9 33.5
83.8 48.0
29.5 7.9
50.2 65.6
85.3 39.4
0.0 65.0
29
0.0 93.3
42.7 53.8
97.6 30.3
6.5 16.1
33.2 4.8
64.6 73.8
40.7 52.3
35.0 31.9
16.2 91.5
14.5 12.3
37.9 65.9
44.5 24.2
81.0 51.3
61.2 46.7
16.5 9.0
82.0 26.6
48.2 54.2
76.6 82.7
6.2 1.7
31.6 78.2
27.3 33.9
21.2 57.8
75.5 21.1
72.3 44.2
36.4 91.4
48.3 58.1
32.3 82.7
98.7 98.3
0.0 38.9
23
0.0 9.8
12.2 70.4
79.1 81.9
26.8 31.1
53.2 68.6
33.2 92.1
80.1 43.1
56.8 54.2
16.7 31.3
64.9 24.6
89.4 87.5
89.7 55.0
9.6 89.0
47.6 83.0
42.2 13.9
65.0 45.9
8.4 11.8
91.7 39.4
50.6 12.2
63.6 80.9
47.0 56.1
72.4 80.9
0.0 59.2
91
0.0 31.7
27.8 53.6
93.7 71.0
27.0 83.4
95.7 66.6
56.4 25.1
85.6 89.3
91.8 49.7
34.3 89.4
67.4 15.1
43.6 47.7
83.6 9.5
63.9 72.0
96.0 44.6
26.3 84.6
16.4 97.9
58.4 63.5
29.8 82.8
33.9 47.4
43.5 68.5
17.8 88.6
55.9 89.2
99.3 14.2
60.3 63.8
46.2 52.2
63.5 26.9
83.9 57.9
38.5 61.3
11.0 13.1
46.0 15.8
8.1 67.0
71.0 38.6
0.5 52.3
99.2 61.3
84.5 65.5
90.5 43.2
20.3 49.2
78.1 70.3
76.9 49.3
77.0 40.9
94.0 84.7
3.8 83.4
36.8 73.1
46.1 93.4
6.9 49.1
90.5 43.6
3.2 28.5
32.9 84.0
89.0 80.1
6.3 48.0
7.7 57.9
60.4 54.3
59.7 80.2
42.8 99.8
75.1 92.1
39.5 12.0
53.6 55.8
16.0 37.3
50.9 83.1
51.4 66.3
52.0 95.4
82.4 69.9
1.2 15.7
19.1 55.5
2.7 23.4
68.5 42.6
31.4 62.3
81.4 5.5
39.2 38.0
69.2 60.7
48.4 50.5
79.3 63.8
34.5 32.3
45.9 78.2
32.3 78.2
36.8 56.5
1.0 84.2
40.5 41.4
45.9 17.7
98.1 63.2
79.3 2.4
93.1 34.9
90.8 92.3
38.6 90.1
90.7 25.0
4.1 8.6
58.2 51.0
88.0 12.1
56.9 1.6
3.8 2.6
0.0 46.4
8
0.0 91.5
26.7 1.8
6.5 70.7
63.7 58.2
11.0 76.9
90.2 31.7
67.2 62.2
0.0 73.2
93
0.0 77.2
91.9 74.3
34.8 8.4
21.5 49.8
99.8 52.9
87.6 18.0
74.0 68.4
69.9 0.4
23.3 12.1
76.3 39.7
33.4 80.8
96.2 1.4
93.7 43.1
22.6 21.2
64.8 53.2
69.2 36.4
4.8 67.3
93.6 14.1
85.1 51.8
78.9 66.1
41.1 29.2
48.7 50.1
84.5 41.9
99.2 72.5
88.2 76.3
49.3 99.2
26.1 6.9
35.5 10.4
25.3 88.7
24.2 71.2
66.4 45.9
15.3 28.4
10.1 4.6
26.8 78.0
32.0 41.4
44.9 30.8
90.3 34.9
66.8 53.2
32.1 53.1
81.1 20.6
33.0 70.6
20.6 70.9
73.1 93.7
61.3 25.2
40.6 0.1
97.0 1.6
96.3 96.4
34.6 16.7
64.0 71.0
78.8 78.6
22.5 40.8
23.7 61.8
61.5 90.3
66.3 92.6
35.6 96.3
90.3 51.4
81.6 61.6
29.9 2.7
65.2 15.9
78.4 86.9
11.9 14.6
2.9 53.1
5.4 0.1
13.1 57.2
82.3 53.1
10.9 16.2
0.8 41.3
45.1 37.0
70.9 9.7
38.6 6.0
39.7 37.4
22.9 93.0
48.0 89.9
97.7 67.5
34.3 12.0
48.4 7.8
81.6 29.7
26.3 51.9
79.9 39.8
98.2 50.8
96.5 52.1
66.4 86.9
69.9 96.0
28.2 51.4
9.5 25.4
66.6 91.5
9.4 99.2
7.6 61.6
23.2 80.8
62.2 45.4
26.0 73.6
90.5 71.8
0.0 19.8
